OADM divider-multiplier software simulation
Coefficient model: Q0.9 reciprocal coefficient
Maximum Eq. (10)/(11) identity difference: 0.000e+00

mode level cases MRED_pct RMSE_rel_pct MaxRE_pct mean_signed_rel_pct mean_signed_error mean_abs_error rmse_abs_error
MUL 0 10007 3.143955 4.584553 25.000000 -0.156287 +0.000539712 0.062569373 0.083355416
MUL 1 10007 0.768532 1.082867 6.250000 +0.010857 +0.000360265 0.015747647 0.020955484
MUL 2 10007 0.189925 0.265658 1.562500 -0.000525 -0.000004530 0.003913852 0.005227879
MUL 3 10007 0.046957 0.065449 0.390625 -0.000079 -0.000006477 0.000972094 0.001295575
MUL 4 10007 0.011807 0.016415 0.097656 -0.000055 -0.000002341 0.000245141 0.000326375
DIV 0 10007 4.327268 6.679644 33.203113 -3.704544 -0.037994382 0.043913993 0.069074596
DIV 1 10007 1.182548 1.801895 9.514606 -1.050950 -0.011324029 0.012617066 0.020361387
DIV 2 10007 0.283152 0.417546 2.281354 -0.137719 -0.001686073 0.003011982 0.004840645
DIV 3 10007 0.129148 0.166116 0.598144 -0.045152 -0.000444282 0.001278919 0.001642719
DIV 4 10007 0.124080 0.147276 0.293192 -0.005502 -0.000082565 0.001203680 0.001427760

Multiplier-2023 theoretical absolute-error values
level sampled_MAE theory_MAE sampled_MSE theory_MSE
0 0.062569373 0.062500000 0.006948125 0.006944444
1 0.015747647 0.015625000 0.000439132 0.000434028
2 0.003913852 0.003906250 0.000027331 0.000027127
3 0.000972094 0.000976562 0.000001679 0.000001695
4 0.000245141 0.000244141 0.000000107 0.000000106
