1.0000000000 1.3750000000 1.3125000000 1.4062500000 1.3750000000 1.3710937500 1.3740234375 0.7272727273 0.7514648438 0.7006835938 0.7277832031 0.7284545898 0.7276668549
1.0019531250 1.3776855469 1.3154296875 1.4086914062 1.3776855469 1.3739013672 1.3767700195 0.7286931818 0.7527694702 0.7022476196 0.7292046547 0.7298145294 0.7290562391
1.0039062500 1.3803710938 1.3183593750 1.4111328125 1.3803710938 1.3767089844 1.3795166016 0.7301136364 0.7540740967 0.7038116455 0.7306261063 0.7311744690 0.7304456234
1.0058593750 1.3830566406 1.3212890625 1.4135742188 1.3830566406 1.3795166016 1.3822631836 0.7315340909 0.7553787231 0.7053756714 0.7320475578 0.7325344086 0.7318350077
1.0078125000 1.3857421875 1.3242187500 1.4160156250 1.3857421875 1.3823242188 1.3850097656 0.7329545455 0.7566833496 0.7069396973 0.7334690094 0.7338943481 0.7332243919
1.0097656250 1.3884277344 1.3271484375 1.4184570312 1.3884277344 1.3851318359 1.3877563477 0.7343750000 0.7579879761 0.7085037231 0.7348904610 0.7352542877 0.7346137762
1.0117187500 1.3911132812 1.3300781250 1.4208984375 1.3911132812 1.3879394531 1.3905029297 0.7357954545 0.7592926025 0.7100677490 0.7363119125 0.7366142273 0.7360031605
1.0136718750 1.3937988281 1.3330078125 1.4233398438 1.3937988281 1.3907470703 1.3932495117 0.7372159091 0.7605972290 0.7116317749 0.7377333641 0.7379741669 0.7373925447
1.0156250000 1.3964843750 1.3359375000 1.4257812500 1.3964843750 1.3935546875 1.3959960938 0.7386363636 0.7619018555 0.7131958008 0.7391548157 0.7393341064 0.7387819290
1.0175781250 1.3991699219 1.3388671875 1.4282226562 1.3991699219 1.3963623047 1.3987426758 0.7400568182 0.7632064819 0.7147598267 0.7405762672 0.7406940460 0.7401713133
1.0195312500 1.4018554688 1.3417968750 1.4306640625 1.4018554688 1.3991699219 1.4014892578 0.7414772727 0.7645111084 0.7163238525 0.7419977188 0.7420539856 0.7415606976
1.0214843750 1.4045410156 1.3447265625 1.4331054688 1.4045410156 1.4019775391 1.4042358398 0.7428977273 0.7658157349 0.7178878784 0.7434191704 0.7434139252 0.7429500818
1.0234375000 1.4072265625 1.3476562500 1.4355468750 1.4072265625 1.4047851562 1.4069824219 0.7443181818 0.7671203613 0.7194519043 0.7448406219 0.7447738647 0.7443394661
1.0253906250 1.4099121094 1.3505859375 1.4379882812 1.4099121094 1.4075927734 1.4097290039 0.7457386364 0.7684249878 0.7210159302 0.7462620735 0.7461338043 0.7457288504
1.0273437500 1.4125976562 1.3535156250 1.4404296875 1.4125976562 1.4104003906 1.4124755859 0.7471590909 0.7697296143 0.7225799561 0.7476835251 0.7474937439 0.7471182346
1.0292968750 1.4152832031 1.3564453125 1.4428710938 1.4152832031 1.4132080078 1.4152221680 0.7485795455 0.7710342407 0.7241439819 0.7491049767 0.7488536835 0.7485076189
1.0312500000 1.4179687500 1.3593750000 1.4453125000 1.4179687500 1.4160156250 1.4179687500 0.7500000000 0.7723388672 0.7257080078 0.7505264282 0.7502136230 0.7498970032
1.0332031250 1.4206542969 1.3623046875 1.4477539062 1.4206542969 1.4188232422 1.4207153320 0.7514204545 0.7736434937 0.7272720337 0.7519478798 0.7515735626 0.7512863874
1.0351562500 1.4233398438 1.3652343750 1.4501953125 1.4233398438 1.4216308594 1.4234619141 0.7528409091 0.7749481201 0.7288360596 0.7533693314 0.7529335022 0.7526757717
1.0371093750 1.4260253906 1.3681640625 1.4526367188 1.4260253906 1.4244384766 1.4262084961 0.7542613636 0.7762527466 0.7304000854 0.7547907829 0.7542934418 0.7540651560
1.0390625000 1.4287109375 1.3710937500 1.4550781250 1.4287109375 1.4272460938 1.4289550781 0.7556818182 0.7775573730 0.7319641113 0.7562122345 0.7556533813 0.7554545403
1.0410156250 1.4313964844 1.3740234375 1.4575195312 1.4313964844 1.4300537109 1.4317016602 0.7571022727 0.7788619995 0.7335281372 0.7576336861 0.7570133209 0.7568439245
1.0429687500 1.4340820312 1.3769531250 1.4599609375 1.4340820312 1.4328613281 1.4344482422 0.7585227273 0.7801666260 0.7350921631 0.7590551376 0.7583732605 0.7582333088
1.0449218750 1.4367675781 1.3798828125 1.4624023438 1.4367675781 1.4356689453 1.4371948242 0.7599431818 0.7814712524 0.7366561890 0.7604765892 0.7597332001 0.7596226931
1.0468750000 1.4394531250 1.3828125000 1.4648437500 1.4394531250 1.4384765625 1.4399414062 0.7613636364 0.7827758789 0.7382202148 0.7618980408 0.7610931396 0.7610120773
1.0488281250 1.4421386719 1.3857421875 1.4672851562 1.4421386719 1.4412841797 1.4426879883 0.7627840909 0.7840805054 0.7397842407 0.7633194923 0.7624530792 0.7624014616
1.0507812500 1.4448242188 1.3886718750 1.4697265625 1.4448242188 1.4440917969 1.4454345703 0.7642045455 0.7853851318 0.7413482666 0.7647409439 0.7638130188 0.7637908459
1.0527343750 1.4475097656 1.3916015625 1.4721679688 1.4475097656 1.4468994141 1.4481811523 0.7656250000 0.7866897583 0.7429122925 0.7661623955 0.7651729584 0.7651802301
1.0546875000 1.4501953125 1.3945312500 1.4746093750 1.4501953125 1.4497070312 1.4509277344 0.7670454545 0.7879943848 0.7444763184 0.7675838470 0.7665328979 0.7665696144
1.0566406250 1.4528808594 1.3974609375 1.4770507812 1.4528808594 1.4525146484 1.4536743164 0.7684659091 0.7892990112 0.7460403442 0.7690052986 0.7678928375 0.7679589987
1.0585937500 1.4555664062 1.4003906250 1.4794921875 1.4555664062 1.4553222656 1.4564208984 0.7698863636 0.7906036377 0.7476043701 0.7704267502 0.7692527771 0.7693483829
1.0605468750 1.4582519531 1.4033203125 1.4819335938 1.4582519531 1.4581298828 1.4591674805 0.7713068182 0.7919082642 0.7491683960 0.7718482018 0.7706127167 0.7707377672
1.0625000000 1.4609375000 1.4062500000 1.4843750000 1.4609375000 1.4609375000 1.4599609375 0.7727272727 0.7932128906 0.7507324219 0.7732696533 0.7719726562 0.7731151581
1.0644531250 1.4636230469 1.4091796875 1.4868164062 1.4636230469 1.4637451172 1.4627075195 0.7741477273 0.7945175171 0.7522964478 0.7746911049 0.7733325958 0.7745045424
1.0664062500 1.4663085938 1.4121093750 1.4892578125 1.4663085938 1.4665527344 1.4654541016 0.7755681818 0.7958221436 0.7538604736 0.7761125565 0.7746925354 0.7758939266
1.0683593750 1.4689941406 1.4150390625 1.4916992188 1.4689941406 1.4693603516 1.4682006836 0.7769886364 0.7971267700 0.7554244995 0.7775340080 0.7760524750 0.7772833109
1.0703125000 1.4716796875 1.4179687500 1.4941406250 1.4716796875 1.4721679688 1.4709472656 0.7784090909 0.7984313965 0.7569885254 0.7789554596 0.7774124146 0.7786726952
1.0722656250 1.4743652344 1.4208984375 1.4965820312 1.4743652344 1.4749755859 1.4736938477 0.7798295455 0.7997360229 0.7585525513 0.7803769112 0.7787723541 0.7800620794
1.0742187500 1.4770507812 1.4238281250 1.4990234375 1.4770507812 1.4777832031 1.4764404297 0.7812500000 0.8010406494 0.7601165771 0.7817983627 0.7801322937 0.7814514637
1.0761718750 1.4797363281 1.4267578125 1.5014648438 1.4797363281 1.4805908203 1.4791870117 0.7826704545 0.8023452759 0.7616806030 0.7832198143 0.7814922333 0.7828408480
1.0781250000 1.4824218750 1.4296875000 1.5039062500 1.4824218750 1.4833984375 1.4819335938 0.7840909091 0.8036499023 0.7632446289 0.7846412659 0.7828521729 0.7842302322
1.0800781250 1.4851074219 1.4326171875 1.5063476562 1.4851074219 1.4862060547 1.4846801758 0.7855113636 0.8049545288 0.7648086548 0.7860627174 0.7842121124 0.7856196165
1.0820312500 1.4877929688 1.4355468750 1.5087890625 1.4877929688 1.4890136719 1.4874267578 0.7869318182 0.8062591553 0.7663726807 0.7874841690 0.7855720520 0.7870090008
1.0839843750 1.4904785156 1.4384765625 1.5112304688 1.4904785156 1.4918212891 1.4901733398 0.7883522727 0.8075637817 0.7679367065 0.7889056206 0.7869319916 0.7883983850
1.0859375000 1.4931640625 1.4414062500 1.5136718750 1.4931640625 1.4946289062 1.4929199219 0.7897727273 0.8088684082 0.7695007324 0.7903270721 0.7882919312 0.7897877693
1.0878906250 1.4958496094 1.4443359375 1.5161132812 1.4958496094 1.4974365234 1.4956665039 0.7911931818 0.8101730347 0.7710647583 0.7917485237 0.7896518707 0.7911771536
1.0898437500 1.4985351562 1.4472656250 1.5185546875 1.4985351562 1.5002441406 1.4984130859 0.7926136364 0.8114776611 0.7726287842 0.7931699753 0.7910118103 0.7925665379
1.0917968750 1.5012207031 1.4501953125 1.5209960938 1.5012207031 1.5030517578 1.5011596680 0.7940340909 0.8127822876 0.7741928101 0.7945914268 0.7923717499 0.7939559221
1.0937500000 1.5039062500 1.4531250000 1.5234375000 1.5039062500 1.5058593750 1.5039062500 0.7954545455 0.8140869141 0.7757568359 0.7960128784 0.7937316895 0.7953453064
1.0957031250 1.5065917969 1.4560546875 1.5258789062 1.5065917969 1.5086669922 1.5066528320 0.7968750000 0.8153915405 0.7773208618 0.7974343300 0.7950916290 0.7967346907
1.0976562500 1.5092773438 1.4589843750 1.5283203125 1.5092773438 1.5114746094 1.5093994141 0.7982954545 0.8166961670 0.7788848877 0.7988557816 0.7964515686 0.7981240749
1.0996093750 1.5119628906 1.4619140625 1.5307617188 1.5119628906 1.5142822266 1.5121459961 0.7997159091 0.8180007935 0.7804489136 0.8002772331 0.7978115082 0.7995134592
1.1015625000 1.5146484375 1.4648437500 1.5332031250 1.5146484375 1.5170898438 1.5148925781 0.8011363636 0.8193054199 0.7820129395 0.8016986847 0.7991714478 0.8009028435
1.1035156250 1.5173339844 1.4677734375 1.5356445312 1.5173339844 1.5198974609 1.5176391602 0.8025568182 0.8206100464 0.7835769653 0.8031201363 0.8005313873 0.8022922277
1.1054687500 1.5200195312 1.4707031250 1.5380859375 1.5200195312 1.5227050781 1.5203857422 0.8039772727 0.8219146729 0.7851409912 0.8045415878 0.8018913269 0.8036816120
1.1074218750 1.5227050781 1.4736328125 1.5405273438 1.5227050781 1.5255126953 1.5231323242 0.8053977273 0.8232192993 0.7867050171 0.8059630394 0.8032512665 0.8050709963
1.1093750000 1.5253906250 1.4765625000 1.5429687500 1.5253906250 1.5283203125 1.5258789062 0.8068181818 0.8245239258 0.7882690430 0.8073844910 0.8046112061 0.8064603806
1.1113281250 1.5280761719 1.4794921875 1.5454101562 1.5280761719 1.5311279297 1.5286254883 0.8082386364 0.8258285522 0.7898330688 0.8088059425 0.8059711456 0.8078497648
1.1132812500 1.5307617188 1.4824218750 1.5478515625 1.5307617188 1.5339355469 1.5313720703 0.8096590909 0.8271331787 0.7913970947 0.8102273941 0.8073310852 0.8092391491
1.1152343750 1.5334472656 1.4853515625 1.5502929688 1.5334472656 1.5367431641 1.5341186523 0.8110795455 0.8284378052 0.7929611206 0.8116488457 0.8086910248 0.8106285334
1.1171875000 1.5361328125 1.4882812500 1.5527343750 1.5361328125 1.5395507812 1.5368652344 0.8125000000 0.8297424316 0.7945251465 0.8130702972 0.8100509644 0.8120179176
1.1191406250 1.5388183594 1.4912109375 1.5551757812 1.5388183594 1.5423583984 1.5396118164 0.8139204545 0.8310470581 0.7960891724 0.8144917488 0.8114109039 0.8134073019
1.1210937500 1.5415039062 1.4941406250 1.5576171875 1.5415039062 1.5451660156 1.5423583984 0.8153409091 0.8323516846 0.7976531982 0.8159132004 0.8127708435 0.8147966862
1.1230468750 1.5441894531 1.4970703125 1.5600585938 1.5441894531 1.5479736328 1.5451049805 0.8167613636 0.8336563110 0.7992172241 0.8173346519 0.8141307831 0.8161860704
1.1250000000 1.5468750000 1.5000000000 1.5625000000 1.5468750000 1.5429687500 1.5458984375 0.8181818182 0.8349609375 0.8007812500 0.8187561035 0.8192749023 0.8185634613
1.1269531250 1.5495605469 1.5029296875 1.5649414062 1.5495605469 1.5457763672 1.5486450195 0.8196022727 0.8362655640 0.8023452759 0.8201775551 0.8206348419 0.8199528456
1.1289062500 1.5522460938 1.5058593750 1.5673828125 1.5522460938 1.5485839844 1.5513916016 0.8210227273 0.8375701904 0.8039093018 0.8215990067 0.8219947815 0.8213422298
1.1308593750 1.5549316406 1.5087890625 1.5698242188 1.5549316406 1.5513916016 1.5541381836 0.8224431818 0.8388748169 0.8054733276 0.8230204582 0.8233547211 0.8227316141
1.1328125000 1.5576171875 1.5117187500 1.5722656250 1.5576171875 1.5541992188 1.5568847656 0.8238636364 0.8401794434 0.8070373535 0.8244419098 0.8247146606 0.8241209984
1.1347656250 1.5603027344 1.5146484375 1.5747070312 1.5603027344 1.5570068359 1.5596313477 0.8252840909 0.8414840698 0.8086013794 0.8258633614 0.8260746002 0.8255103827
1.1367187500 1.5629882812 1.5175781250 1.5771484375 1.5629882812 1.5598144531 1.5623779297 0.8267045455 0.8427886963 0.8101654053 0.8272848129 0.8274345398 0.8268997669
1.1386718750 1.5656738281 1.5205078125 1.5795898438 1.5656738281 1.5626220703 1.5651245117 0.8281250000 0.8440933228 0.8117294312 0.8287062645 0.8287944794 0.8282891512
1.1406250000 1.5683593750 1.5234375000 1.5820312500 1.5683593750 1.5654296875 1.5678710938 0.8295454545 0.8453979492 0.8132934570 0.8301277161 0.8301544189 0.8296785355
1.1425781250 1.5710449219 1.5263671875 1.5844726562 1.5710449219 1.5682373047 1.5706176758 0.8309659091 0.8467025757 0.8148574829 0.8315491676 0.8315143585 0.8310679197
1.1445312500 1.5737304688 1.5292968750 1.5869140625 1.5737304688 1.5710449219 1.5733642578 0.8323863636 0.8480072021 0.8164215088 0.8329706192 0.8328742981 0.8324573040
1.1464843750 1.5764160156 1.5322265625 1.5893554688 1.5764160156 1.5738525391 1.5761108398 0.8338068182 0.8493118286 0.8179855347 0.8343920708 0.8342342377 0.8338466883
1.1484375000 1.5791015625 1.5351562500 1.5917968750 1.5791015625 1.5766601562 1.5788574219 0.8352272727 0.8506164551 0.8195495605 0.8358135223 0.8355941772 0.8352360725
1.1503906250 1.5817871094 1.5380859375 1.5942382812 1.5817871094 1.5794677734 1.5816040039 0.8366477273 0.8519210815 0.8211135864 0.8372349739 0.8369541168 0.8366254568
1.1523437500 1.5844726562 1.5410156250 1.5966796875 1.5844726562 1.5822753906 1.5843505859 0.8380681818 0.8532257080 0.8226776123 0.8386564255 0.8383140564 0.8380148411
1.1542968750 1.5871582031 1.5439453125 1.5991210938 1.5871582031 1.5850830078 1.5870971680 0.8394886364 0.8545303345 0.8242416382 0.8400778770 0.8396739960 0.8394042253
1.1562500000 1.5898437500 1.5468750000 1.6015625000 1.5898437500 1.5878906250 1.5898437500 0.8409090909 0.8558349609 0.8258056641 0.8414993286 0.8410339355 0.8407936096
1.1582031250 1.5925292969 1.5498046875 1.6040039062 1.5925292969 1.5906982422 1.5925903320 0.8423295455 0.8571395874 0.8273696899 0.8429207802 0.8423938751 0.8421829939
1.1601562500 1.5952148438 1.5527343750 1.6064453125 1.5952148438 1.5935058594 1.5953369141 0.8437500000 0.8584442139 0.8289337158 0.8443422318 0.8437538147 0.8435723782
1.1621093750 1.5979003906 1.5556640625 1.6088867188 1.5979003906 1.5963134766 1.5980834961 0.8451704545 0.8597488403 0.8304977417 0.8457636833 0.8451137543 0.8449617624
1.1640625000 1.6005859375 1.5585937500 1.6113281250 1.6005859375 1.5991210938 1.6008300781 0.8465909091 0.8610534668 0.8320617676 0.8471851349 0.8464736938 0.8463511467
1.1660156250 1.6032714844 1.5615234375 1.6137695312 1.6032714844 1.6019287109 1.6035766602 0.8480113636 0.8623580933 0.8336257935 0.8486065865 0.8478336334 0.8477405310
1.1679687500 1.6059570312 1.5644531250 1.6162109375 1.6059570312 1.6047363281 1.6063232422 0.8494318182 0.8636627197 0.8351898193 0.8500280380 0.8491935730 0.8491299152
1.1699218750 1.6086425781 1.5673828125 1.6186523438 1.6086425781 1.6075439453 1.6090698242 0.8508522727 0.8649673462 0.8367538452 0.8514494896 0.8505535126 0.8505192995
1.1718750000 1.6113281250 1.5703125000 1.6210937500 1.6113281250 1.6103515625 1.6118164062 0.8522727273 0.8662719727 0.8383178711 0.8528709412 0.8519134521 0.8519086838
1.1738281250 1.6140136719 1.5732421875 1.6235351562 1.6140136719 1.6131591797 1.6145629883 0.8536931818 0.8675765991 0.8398818970 0.8542923927 0.8532733917 0.8532980680
1.1757812500 1.6166992188 1.5761718750 1.6259765625 1.6166992188 1.6159667969 1.6173095703 0.8551136364 0.8688812256 0.8414459229 0.8557138443 0.8546333313 0.8546874523
1.1777343750 1.6193847656 1.5791015625 1.6284179688 1.6193847656 1.6187744141 1.6200561523 0.8565340909 0.8701858521 0.8430099487 0.8571352959 0.8559932709 0.8560768366
1.1796875000 1.6220703125 1.5820312500 1.6308593750 1.6220703125 1.6215820312 1.6228027344 0.8579545455 0.8714904785 0.8445739746 0.8585567474 0.8573532104 0.8574662209
1.1816406250 1.6247558594 1.5849609375 1.6333007812 1.6247558594 1.6243896484 1.6255493164 0.8593750000 0.8727951050 0.8461380005 0.8599781990 0.8587131500 0.8588556051
1.1835937500 1.6274414062 1.5878906250 1.6357421875 1.6274414062 1.6271972656 1.6282958984 0.8607954545 0.8740997314 0.8477020264 0.8613996506 0.8600730896 0.8602449894
1.1855468750 1.6301269531 1.5908203125 1.6381835938 1.6301269531 1.6300048828 1.6310424805 0.8622159091 0.8754043579 0.8492660522 0.8628211021 0.8614330292 0.8616343737
1.1875000000 1.6328125000 1.5937500000 1.6406250000 1.6328125000 1.6328125000 1.6318359375 0.8636363636 0.8767089844 0.8508300781 0.8642425537 0.8627929688 0.8640117645
1.1894531250 1.6354980469 1.5966796875 1.6430664062 1.6354980469 1.6356201172 1.6345825195 0.8650568182 0.8780136108 0.8523941040 0.8656640053 0.8641529083 0.8654011488
1.1914062500 1.6381835938 1.5996093750 1.6455078125 1.6381835938 1.6384277344 1.6373291016 0.8664772727 0.8793182373 0.8539581299 0.8670854568 0.8655128479 0.8667905331
1.1933593750 1.6408691406 1.6025390625 1.6479492188 1.6408691406 1.6412353516 1.6400756836 0.8678977273 0.8806228638 0.8555221558 0.8685069084 0.8668727875 0.8681799173
1.1953125000 1.6435546875 1.6054687500 1.6503906250 1.6435546875 1.6440429688 1.6428222656 0.8693181818 0.8819274902 0.8570861816 0.8699283600 0.8682327271 0.8695693016
1.1972656250 1.6462402344 1.6083984375 1.6528320312 1.6462402344 1.6468505859 1.6455688477 0.8707386364 0.8832321167 0.8586502075 0.8713498116 0.8695926666 0.8709586859
1.1992187500 1.6489257812 1.6113281250 1.6552734375 1.6489257812 1.6496582031 1.6483154297 0.8721590909 0.8845367432 0.8602142334 0.8727712631 0.8709526062 0.8723480701
1.2011718750 1.6516113281 1.6142578125 1.6577148438 1.6516113281 1.6524658203 1.6510620117 0.8735795455 0.8858413696 0.8617782593 0.8741927147 0.8723125458 0.8737374544
1.2031250000 1.6542968750 1.6171875000 1.6601562500 1.6542968750 1.6552734375 1.6538085938 0.8750000000 0.8871459961 0.8633422852 0.8756141663 0.8736724854 0.8751268387
1.2050781250 1.6569824219 1.6201171875 1.6625976562 1.6569824219 1.6580810547 1.6565551758 0.8764204545 0.8884506226 0.8649063110 0.8770356178 0.8750324249 0.8765162230
1.2070312500 1.6596679688 1.6230468750 1.6650390625 1.6596679688 1.6608886719 1.6593017578 0.8778409091 0.8897552490 0.8664703369 0.8784570694 0.8763923645 0.8779056072
1.2089843750 1.6623535156 1.6259765625 1.6674804688 1.6623535156 1.6636962891 1.6620483398 0.8792613636 0.8910598755 0.8680343628 0.8798785210 0.8777523041 0.8792949915
1.2109375000 1.6650390625 1.6289062500 1.6699218750 1.6650390625 1.6665039062 1.6647949219 0.8806818182 0.8923645020 0.8695983887 0.8812999725 0.8791122437 0.8806843758
1.2128906250 1.6677246094 1.6318359375 1.6723632812 1.6677246094 1.6693115234 1.6675415039 0.8821022727 0.8936691284 0.8711624146 0.8827214241 0.8804721832 0.8820737600
1.2148437500 1.6704101562 1.6347656250 1.6748046875 1.6704101562 1.6721191406 1.6702880859 0.8835227273 0.8949737549 0.8727264404 0.8841428757 0.8818321228 0.8834631443
1.2167968750 1.6730957031 1.6376953125 1.6772460938 1.6730957031 1.6749267578 1.6730346680 0.8849431818 0.8962783813 0.8742904663 0.8855643272 0.8831920624 0.8848525286
1.2187500000 1.6757812500 1.6406250000 1.6796875000 1.6757812500 1.6777343750 1.6757812500 0.8863636364 0.8975830078 0.8758544922 0.8869857788 0.8845520020 0.8862419128
1.2207031250 1.6784667969 1.6435546875 1.6821289062 1.6784667969 1.6805419922 1.6785278320 0.8877840909 0.8988876343 0.8774185181 0.8884072304 0.8859119415 0.8876312971
1.2226562500 1.6811523438 1.6464843750 1.6845703125 1.6811523438 1.6833496094 1.6812744141 0.8892045455 0.9001922607 0.8789825439 0.8898286819 0.8872718811 0.8890206814
1.2246093750 1.6838378906 1.6494140625 1.6870117188 1.6838378906 1.6861572266 1.6840209961 0.8906250000 0.9014968872 0.8805465698 0.8912501335 0.8886318207 0.8904100657
1.2265625000 1.6865234375 1.6523437500 1.6894531250 1.6865234375 1.6889648438 1.6867675781 0.8920454545 0.9028015137 0.8821105957 0.8926715851 0.8899917603 0.8917994499
1.2285156250 1.6892089844 1.6552734375 1.6918945312 1.6892089844 1.6917724609 1.6895141602 0.8934659091 0.9041061401 0.8836746216 0.8940930367 0.8913516998 0.8931888342
1.2304687500 1.6918945312 1.6582031250 1.6943359375 1.6918945312 1.6945800781 1.6922607422 0.8948863636 0.9054107666 0.8852386475 0.8955144882 0.8927116394 0.8945782185
1.2324218750 1.6945800781 1.6611328125 1.6967773438 1.6945800781 1.6973876953 1.6950073242 0.8963068182 0.9067153931 0.8868026733 0.8969359398 0.8940715790 0.8959676027
1.2343750000 1.6972656250 1.6640625000 1.6992187500 1.6972656250 1.7001953125 1.6977539062 0.8977272727 0.9080200195 0.8883666992 0.8983573914 0.8954315186 0.8973569870
1.2363281250 1.6999511719 1.6669921875 1.7016601562 1.6999511719 1.7030029297 1.7005004883 0.8991477273 0.9093246460 0.8899307251 0.8997788429 0.8967914581 0.8987463713
1.2382812500 1.7026367188 1.6699218750 1.7041015625 1.7026367188 1.7058105469 1.7032470703 0.9005681818 0.9106292725 0.8914947510 0.9012002945 0.8981513977 0.9001357555
1.2402343750 1.7053222656 1.6728515625 1.7065429688 1.7053222656 1.7086181641 1.7059936523 0.9019886364 0.9119338989 0.8930587769 0.9026217461 0.8995113373 0.9015251398
1.2421875000 1.7080078125 1.6757812500 1.7089843750 1.7080078125 1.7114257812 1.7087402344 0.9034090909 0.9132385254 0.8946228027 0.9040431976 0.9008712769 0.9029145241
1.2441406250 1.7106933594 1.6787109375 1.7114257812 1.7106933594 1.7142333984 1.7114868164 0.9048295455 0.9145431519 0.8961868286 0.9054646492 0.9022312164 0.9043039083
1.2460937500 1.7133789062 1.6816406250 1.7138671875 1.7133789062 1.7170410156 1.7142333984 0.9062500000 0.9158477783 0.8977508545 0.9068861008 0.9035911560 0.9056932926
1.2480468750 1.7160644531 1.6845703125 1.7163085938 1.7160644531 1.7198486328 1.7169799805 0.9076704545 0.9171524048 0.8993148804 0.9083075523 0.9049510956 0.9070826769
1.2500000000 1.7187500000 1.6875000000 1.7187500000 1.7187500000 1.7148437500 1.7177734375 0.9090909091 0.9184570312 0.9008789062 0.9097290039 0.9100952148 0.9094600677
1.2519531250 1.7214355469 1.6904296875 1.7211914062 1.7214355469 1.7176513672 1.7205200195 0.9105113636 0.9197616577 0.9024429321 0.9111504555 0.9114551544 0.9108494520
1.2539062500 1.7241210938 1.6933593750 1.7236328125 1.7241210938 1.7204589844 1.7232666016 0.9119318182 0.9210662842 0.9040069580 0.9125719070 0.9128150940 0.9122388363
1.2558593750 1.7268066406 1.6962890625 1.7260742188 1.7268066406 1.7232666016 1.7260131836 0.9133522727 0.9223709106 0.9055709839 0.9139933586 0.9141750336 0.9136282206
1.2578125000 1.7294921875 1.6992187500 1.7285156250 1.7294921875 1.7260742188 1.7287597656 0.9147727273 0.9236755371 0.9071350098 0.9154148102 0.9155349731 0.9150176048
1.2597656250 1.7321777344 1.7021484375 1.7309570312 1.7321777344 1.7288818359 1.7315063477 0.9161931818 0.9249801636 0.9086990356 0.9168362617 0.9168949127 0.9164069891
1.2617187500 1.7348632812 1.7050781250 1.7333984375 1.7348632812 1.7316894531 1.7342529297 0.9176136364 0.9262847900 0.9102630615 0.9182577133 0.9182548523 0.9177963734
1.2636718750 1.7375488281 1.7080078125 1.7358398438 1.7375488281 1.7344970703 1.7369995117 0.9190340909 0.9275894165 0.9118270874 0.9196791649 0.9196147919 0.9191857576
1.2656250000 1.7402343750 1.7109375000 1.7382812500 1.7402343750 1.7373046875 1.7397460938 0.9204545455 0.9288940430 0.9133911133 0.9211006165 0.9209747314 0.9205751419
1.2675781250 1.7429199219 1.7138671875 1.7407226562 1.7429199219 1.7401123047 1.7424926758 0.9218750000 0.9301986694 0.9149551392 0.9225220680 0.9223346710 0.9219645262
1.2695312500 1.7456054688 1.7167968750 1.7431640625 1.7456054688 1.7429199219 1.7452392578 0.9232954545 0.9315032959 0.9165191650 0.9239435196 0.9236946106 0.9233539104
1.2714843750 1.7482910156 1.7197265625 1.7456054688 1.7482910156 1.7457275391 1.7479858398 0.9247159091 0.9328079224 0.9180831909 0.9253649712 0.9250545502 0.9247432947
1.2734375000 1.7509765625 1.7226562500 1.7480468750 1.7509765625 1.7485351562 1.7507324219 0.9261363636 0.9341125488 0.9196472168 0.9267864227 0.9264144897 0.9261326790
1.2753906250 1.7536621094 1.7255859375 1.7504882812 1.7536621094 1.7513427734 1.7534790039 0.9275568182 0.9354171753 0.9212112427 0.9282078743 0.9277744293 0.9275220633
1.2773437500 1.7563476562 1.7285156250 1.7529296875 1.7563476562 1.7541503906 1.7562255859 0.9289772727 0.9367218018 0.9227752686 0.9296293259 0.9291343689 0.9289114475
1.2792968750 1.7590332031 1.7314453125 1.7553710938 1.7590332031 1.7569580078 1.7589721680 0.9303977273 0.9380264282 0.9243392944 0.9310507774 0.9304943085 0.9303008318
1.2812500000 1.7617187500 1.7343750000 1.7578125000 1.7617187500 1.7597656250 1.7617187500 0.9318181818 0.9393310547 0.9259033203 0.9324722290 0.9318542480 0.9316902161
1.2832031250 1.7644042969 1.7373046875 1.7602539062 1.7644042969 1.7625732422 1.7644653320 0.9332386364 0.9406356812 0.9274673462 0.9338936806 0.9332141876 0.9330796003
1.2851562500 1.7670898438 1.7402343750 1.7626953125 1.7670898438 1.7653808594 1.7672119141 0.9346590909 0.9419403076 0.9290313721 0.9353151321 0.9345741272 0.9344689846
1.2871093750 1.7697753906 1.7431640625 1.7651367188 1.7697753906 1.7681884766 1.7699584961 0.9360795455 0.9432449341 0.9305953979 0.9367365837 0.9359340668 0.9358583689
1.2890625000 1.7724609375 1.7460937500 1.7675781250 1.7724609375 1.7709960938 1.7727050781 0.9375000000 0.9445495605 0.9321594238 0.9381580353 0.9372940063 0.9372477531
1.2910156250 1.7751464844 1.7490234375 1.7700195312 1.7751464844 1.7738037109 1.7754516602 0.9389204545 0.9458541870 0.9337234497 0.9395794868 0.9386539459 0.9386371374
1.2929687500 1.7778320312 1.7519531250 1.7724609375 1.7778320312 1.7766113281 1.7781982422 0.9403409091 0.9471588135 0.9352874756 0.9410009384 0.9400138855 0.9400265217
1.2949218750 1.7805175781 1.7548828125 1.7749023438 1.7805175781 1.7794189453 1.7809448242 0.9417613636 0.9484634399 0.9368515015 0.9424223900 0.9413738251 0.9414159060
1.2968750000 1.7832031250 1.7578125000 1.7773437500 1.7832031250 1.7822265625 1.7836914062 0.9431818182 0.9497680664 0.9384155273 0.9438438416 0.9427337646 0.9428052902
1.2988281250 1.7858886719 1.7607421875 1.7797851562 1.7858886719 1.7850341797 1.7864379883 0.9446022727 0.9510726929 0.9399795532 0.9452652931 0.9440937042 0.9441946745
1.3007812500 1.7885742188 1.7636718750 1.7822265625 1.7885742188 1.7878417969 1.7891845703 0.9460227273 0.9523773193 0.9415435791 0.9466867447 0.9454536438 0.9455840588
1.3027343750 1.7912597656 1.7666015625 1.7846679688 1.7912597656 1.7906494141 1.7919311523 0.9474431818 0.9536819458 0.9431076050 0.9481081963 0.9468135834 0.9469734430
1.3046875000 1.7939453125 1.7695312500 1.7871093750 1.7939453125 1.7934570312 1.7946777344 0.9488636364 0.9549865723 0.9446716309 0.9495296478 0.9481735229 0.9483628273
1.3066406250 1.7966308594 1.7724609375 1.7895507812 1.7966308594 1.7962646484 1.7974243164 0.9502840909 0.9562911987 0.9462356567 0.9509510994 0.9495334625 0.9497522116
1.3085937500 1.7993164062 1.7753906250 1.7919921875 1.7993164062 1.7990722656 1.8001708984 0.9517045455 0.9575958252 0.9477996826 0.9523725510 0.9508934021 0.9511415958
1.3105468750 1.8020019531 1.7783203125 1.7944335938 1.8020019531 1.8018798828 1.8029174805 0.9531250000 0.9589004517 0.9493637085 0.9537940025 0.9522533417 0.9525309801
1.3125000000 1.8046875000 1.7812500000 1.7968750000 1.8046875000 1.8046875000 1.8037109375 0.9545454545 0.9602050781 0.9509277344 0.9552154541 0.9536132812 0.9549083710
1.3144531250 1.8073730469 1.7841796875 1.7993164062 1.8073730469 1.8074951172 1.8064575195 0.9559659091 0.9615097046 0.9524917603 0.9566369057 0.9549732208 0.9562977552
1.3164062500 1.8100585938 1.7871093750 1.8017578125 1.8100585938 1.8103027344 1.8092041016 0.9573863636 0.9628143311 0.9540557861 0.9580583572 0.9563331604 0.9576871395
1.3183593750 1.8127441406 1.7900390625 1.8041992188 1.8127441406 1.8131103516 1.8119506836 0.9588068182 0.9641189575 0.9556198120 0.9594798088 0.9576931000 0.9590765238
1.3203125000 1.8154296875 1.7929687500 1.8066406250 1.8154296875 1.8159179688 1.8146972656 0.9602272727 0.9654235840 0.9571838379 0.9609012604 0.9590530396 0.9604659081
1.3222656250 1.8181152344 1.7958984375 1.8090820312 1.8181152344 1.8187255859 1.8174438477 0.9616477273 0.9667282104 0.9587478638 0.9623227119 0.9604129791 0.9618552923
1.3242187500 1.8208007812 1.7988281250 1.8115234375 1.8208007812 1.8215332031 1.8201904297 0.9630681818 0.9680328369 0.9603118896 0.9637441635 0.9617729187 0.9632446766
1.3261718750 1.8234863281 1.8017578125 1.8139648438 1.8234863281 1.8243408203 1.8229370117 0.9644886364 0.9693374634 0.9618759155 0.9651656151 0.9631328583 0.9646340609
1.3281250000 1.8261718750 1.8046875000 1.8164062500 1.8261718750 1.8271484375 1.8256835938 0.9659090909 0.9706420898 0.9634399414 0.9665870667 0.9644927979 0.9660234451
1.3300781250 1.8288574219 1.8076171875 1.8188476562 1.8288574219 1.8299560547 1.8284301758 0.9673295455 0.9719467163 0.9650039673 0.9680085182 0.9658527374 0.9674128294
1.3320312500 1.8315429688 1.8105468750 1.8212890625 1.8315429688 1.8327636719 1.8311767578 0.9687500000 0.9732513428 0.9665679932 0.9694299698 0.9672126770 0.9688022137
1.3339843750 1.8342285156 1.8134765625 1.8237304688 1.8342285156 1.8355712891 1.8339233398 0.9701704545 0.9745559692 0.9681320190 0.9708514214 0.9685726166 0.9701915979
1.3359375000 1.8369140625 1.8164062500 1.8261718750 1.8369140625 1.8383789062 1.8366699219 0.9715909091 0.9758605957 0.9696960449 0.9722728729 0.9699325562 0.9715809822
1.3378906250 1.8395996094 1.8193359375 1.8286132812 1.8395996094 1.8411865234 1.8394165039 0.9730113636 0.9771652222 0.9712600708 0.9736943245 0.9712924957 0.9729703665
1.3398437500 1.8422851562 1.8222656250 1.8310546875 1.8422851562 1.8439941406 1.8421630859 0.9744318182 0.9784698486 0.9728240967 0.9751157761 0.9726524353 0.9743597507
1.3417968750 1.8449707031 1.8251953125 1.8334960938 1.8449707031 1.8468017578 1.8449096680 0.9758522727 0.9797744751 0.9743881226 0.9765372276 0.9740123749 0.9757491350
1.3437500000 1.8476562500 1.8281250000 1.8359375000 1.8476562500 1.8496093750 1.8476562500 0.9772727273 0.9810791016 0.9759521484 0.9779586792 0.9753723145 0.9771385193
1.3457031250 1.8503417969 1.8310546875 1.8383789062 1.8503417969 1.8524169922 1.8504028320 0.9786931818 0.9823837280 0.9775161743 0.9793801308 0.9767322540 0.9785279036
1.3476562500 1.8530273438 1.8339843750 1.8408203125 1.8530273438 1.8552246094 1.8531494141 0.9801136364 0.9836883545 0.9790802002 0.9808015823 0.9780921936 0.9799172878
1.3496093750 1.8557128906 1.8369140625 1.8432617188 1.8557128906 1.8580322266 1.8558959961 0.9815340909 0.9849929810 0.9806442261 0.9822230339 0.9794521332 0.9813066721
1.3515625000 1.8583984375 1.8398437500 1.8457031250 1.8583984375 1.8608398438 1.8586425781 0.9829545455 0.9862976074 0.9822082520 0.9836444855 0.9808120728 0.9826960564
1.3535156250 1.8610839844 1.8427734375 1.8481445312 1.8610839844 1.8636474609 1.8613891602 0.9843750000 0.9876022339 0.9837722778 0.9850659370 0.9821720123 0.9840854406
1.3554687500 1.8637695312 1.8457031250 1.8505859375 1.8637695312 1.8664550781 1.8641357422 0.9857954545 0.9889068604 0.9853363037 0.9864873886 0.9835319519 0.9854748249
1.3574218750 1.8664550781 1.8486328125 1.8530273438 1.8664550781 1.8692626953 1.8668823242 0.9872159091 0.9902114868 0.9869003296 0.9879088402 0.9848918915 0.9868642092
1.3593750000 1.8691406250 1.8515625000 1.8554687500 1.8691406250 1.8720703125 1.8696289062 0.9886363636 0.9915161133 0.9884643555 0.9893302917 0.9862518311 0.9882535934
1.3613281250 1.8718261719 1.8544921875 1.8579101562 1.8718261719 1.8748779297 1.8723754883 0.9900568182 0.9928207397 0.9900283813 0.9907517433 0.9876117706 0.9896429777
1.3632812500 1.8745117188 1.8574218750 1.8603515625 1.8745117188 1.8776855469 1.8751220703 0.9914772727 0.9941253662 0.9915924072 0.9921731949 0.9889717102 0.9910323620
1.3652343750 1.8771972656 1.8603515625 1.8627929688 1.8771972656 1.8804931641 1.8778686523 0.9928977273 0.9954299927 0.9931564331 0.9935946465 0.9903316498 0.9924217463
1.3671875000 1.8798828125 1.8632812500 1.8652343750 1.8798828125 1.8833007812 1.8806152344 0.9943181818 0.9967346191 0.9947204590 0.9950160980 0.9916915894 0.9938111305
1.3691406250 1.8825683594 1.8662109375 1.8676757812 1.8825683594 1.8861083984 1.8833618164 0.9957386364 0.9980392456 0.9962844849 0.9964375496 0.9930515289 0.9952005148
1.3710937500 1.8852539062 1.8691406250 1.8701171875 1.8852539062 1.8889160156 1.8861083984 0.9971590909 0.9993438721 0.9978485107 0.9978590012 0.9944114685 0.9965898991
1.3730468750 1.8879394531 1.8720703125 1.8725585938 1.8879394531 1.8917236328 1.8888549805 0.9985795455 1.0006484985 0.9994125366 0.9992804527 0.9957714081 0.9979792833
1.3750000000 1.8906250000 1.8750000000 1.8750000000 1.8906250000 1.8867187500 1.8896484375 1.0000000000 1.0019531250 1.0009765625 1.0007019043 1.0009155273 1.0003566742
1.3769531250 1.8933105469 1.8779296875 1.8774414062 1.8933105469 1.8895263672 1.8923950195 1.0014204545 1.0032577515 1.0025405884 1.0021233559 1.0022754669 1.0017460585
1.3789062500 1.8959960938 1.8808593750 1.8798828125 1.8959960938 1.8923339844 1.8951416016 1.0028409091 1.0045623779 1.0041046143 1.0035448074 1.0036354065 1.0031354427
1.3808593750 1.8986816406 1.8837890625 1.8823242188 1.8986816406 1.8951416016 1.8978881836 1.0042613636 1.0058670044 1.0056686401 1.0049662590 1.0049953461 1.0045248270
1.3828125000 1.9013671875 1.8867187500 1.8847656250 1.9013671875 1.8979492188 1.9006347656 1.0056818182 1.0071716309 1.0072326660 1.0063877106 1.0063552856 1.0059142113
1.3847656250 1.9040527344 1.8896484375 1.8872070312 1.9040527344 1.9007568359 1.9033813477 1.0071022727 1.0084762573 1.0087966919 1.0078091621 1.0077152252 1.0073035955
1.3867187500 1.9067382812 1.8925781250 1.8896484375 1.9067382812 1.9035644531 1.9061279297 1.0085227273 1.0097808838 1.0103607178 1.0092306137 1.0090751648 1.0086929798
1.3886718750 1.9094238281 1.8955078125 1.8920898438 1.9094238281 1.9063720703 1.9088745117 1.0099431818 1.0110855103 1.0119247437 1.0106520653 1.0104351044 1.0100823641
1.3906250000 1.9121093750 1.8984375000 1.8945312500 1.9121093750 1.9091796875 1.9116210938 1.0113636364 1.0123901367 1.0134887695 1.0120735168 1.0117950439 1.0114717484
1.3925781250 1.9147949219 1.9013671875 1.8969726562 1.9147949219 1.9119873047 1.9143676758 1.0127840909 1.0136947632 1.0150527954 1.0134949684 1.0131549835 1.0128611326
1.3945312500 1.9174804688 1.9042968750 1.8994140625 1.9174804688 1.9147949219 1.9171142578 1.0142045455 1.0149993896 1.0166168213 1.0149164200 1.0145149231 1.0142505169
1.3964843750 1.9201660156 1.9072265625 1.9018554688 1.9201660156 1.9176025391 1.9198608398 1.0156250000 1.0163040161 1.0181808472 1.0163378716 1.0158748627 1.0156399012
1.3984375000 1.9228515625 1.9101562500 1.9042968750 1.9228515625 1.9204101562 1.9226074219 1.0170454545 1.0176086426 1.0197448730 1.0177593231 1.0172348022 1.0170292854
1.4003906250 1.9255371094 1.9130859375 1.9067382812 1.9255371094 1.9232177734 1.9253540039 1.0184659091 1.0189132690 1.0213088989 1.0191807747 1.0185947418 1.0184186697
1.4023437500 1.9282226562 1.9160156250 1.9091796875 1.9282226562 1.9260253906 1.9281005859 1.0198863636 1.0202178955 1.0228729248 1.0206022263 1.0199546814 1.0198080540
1.4042968750 1.9309082031 1.9189453125 1.9116210938 1.9309082031 1.9288330078 1.9308471680 1.0213068182 1.0215225220 1.0244369507 1.0220236778 1.0213146210 1.0211974382
1.4062500000 1.9335937500 1.9218750000 1.9140625000 1.9335937500 1.9316406250 1.9335937500 1.0227272727 1.0228271484 1.0260009766 1.0234451294 1.0226745605 1.0225868225
1.4082031250 1.9362792969 1.9248046875 1.9165039062 1.9362792969 1.9344482422 1.9363403320 1.0241477273 1.0241317749 1.0275650024 1.0248665810 1.0240345001 1.0239762068
1.4101562500 1.9389648438 1.9277343750 1.9189453125 1.9389648438 1.9372558594 1.9390869141 1.0255681818 1.0254364014 1.0291290283 1.0262880325 1.0253944397 1.0253655910
1.4121093750 1.9416503906 1.9306640625 1.9213867188 1.9416503906 1.9400634766 1.9418334961 1.0269886364 1.0267410278 1.0306930542 1.0277094841 1.0267543793 1.0267549753
1.4140625000 1.9443359375 1.9335937500 1.9238281250 1.9443359375 1.9428710938 1.9445800781 1.0284090909 1.0280456543 1.0322570801 1.0291309357 1.0281143188 1.0281443596
1.4160156250 1.9470214844 1.9365234375 1.9262695312 1.9470214844 1.9456787109 1.9473266602 1.0298295455 1.0293502808 1.0338211060 1.0305523872 1.0294742584 1.0295337439
1.4179687500 1.9497070312 1.9394531250 1.9287109375 1.9497070312 1.9484863281 1.9500732422 1.0312500000 1.0306549072 1.0353851318 1.0319738388 1.0308341980 1.0309231281
1.4199218750 1.9523925781 1.9423828125 1.9311523438 1.9523925781 1.9512939453 1.9528198242 1.0326704545 1.0319595337 1.0369491577 1.0333952904 1.0321941376 1.0323125124
1.4218750000 1.9550781250 1.9453125000 1.9335937500 1.9550781250 1.9541015625 1.9555664062 1.0340909091 1.0332641602 1.0385131836 1.0348167419 1.0335540771 1.0337018967
1.4238281250 1.9577636719 1.9482421875 1.9360351562 1.9577636719 1.9569091797 1.9583129883 1.0355113636 1.0345687866 1.0400772095 1.0362381935 1.0349140167 1.0350912809
1.4257812500 1.9604492188 1.9511718750 1.9384765625 1.9604492188 1.9597167969 1.9610595703 1.0369318182 1.0358734131 1.0416412354 1.0376596451 1.0362739563 1.0364806652
1.4277343750 1.9631347656 1.9541015625 1.9409179688 1.9631347656 1.9625244141 1.9638061523 1.0383522727 1.0371780396 1.0432052612 1.0390810966 1.0376338959 1.0378700495
1.4296875000 1.9658203125 1.9570312500 1.9433593750 1.9658203125 1.9653320312 1.9665527344 1.0397727273 1.0384826660 1.0447692871 1.0405025482 1.0389938354 1.0392594337
1.4316406250 1.9685058594 1.9599609375 1.9458007812 1.9685058594 1.9681396484 1.9692993164 1.0411931818 1.0397872925 1.0463333130 1.0419239998 1.0403537750 1.0406488180
1.4335937500 1.9711914062 1.9628906250 1.9482421875 1.9711914062 1.9709472656 1.9720458984 1.0426136364 1.0410919189 1.0478973389 1.0433454514 1.0417137146 1.0420382023
1.4355468750 1.9738769531 1.9658203125 1.9506835938 1.9738769531 1.9737548828 1.9747924805 1.0440340909 1.0423965454 1.0494613647 1.0447669029 1.0430736542 1.0434275866
1.4375000000 1.9765625000 1.9687500000 1.9531250000 1.9765625000 1.9765625000 1.9755859375 1.0454545455 1.0437011719 1.0510253906 1.0461883545 1.0444335938 1.0458049774
1.4394531250 1.9792480469 1.9716796875 1.9555664062 1.9792480469 1.9793701172 1.9783325195 1.0468750000 1.0450057983 1.0525894165 1.0476098061 1.0457935333 1.0471943617
1.4414062500 1.9819335938 1.9746093750 1.9580078125 1.9819335938 1.9821777344 1.9810791016 1.0482954545 1.0463104248 1.0541534424 1.0490312576 1.0471534729 1.0485837460
1.4433593750 1.9846191406 1.9775390625 1.9604492188 1.9846191406 1.9849853516 1.9838256836 1.0497159091 1.0476150513 1.0557174683 1.0504527092 1.0485134125 1.0499731302
1.4453125000 1.9873046875 1.9804687500 1.9628906250 1.9873046875 1.9877929688 1.9865722656 1.0511363636 1.0489196777 1.0572814941 1.0518741608 1.0498733521 1.0513625145
1.4472656250 1.9899902344 1.9833984375 1.9653320312 1.9899902344 1.9906005859 1.9893188477 1.0525568182 1.0502243042 1.0588455200 1.0532956123 1.0512332916 1.0527518988
1.4492187500 1.9926757812 1.9863281250 1.9677734375 1.9926757812 1.9934082031 1.9920654297 1.0539772727 1.0515289307 1.0604095459 1.0547170639 1.0525932312 1.0541412830
1.4511718750 1.9953613281 1.9892578125 1.9702148438 1.9953613281 1.9962158203 1.9948120117 1.0553977273 1.0528335571 1.0619735718 1.0561385155 1.0539531708 1.0555306673
1.4531250000 1.9980468750 1.9921875000 1.9726562500 1.9980468750 1.9990234375 1.9975585938 1.0568181818 1.0541381836 1.0635375977 1.0575599670 1.0553131104 1.0569200516
1.4550781250 2.0007324219 1.9951171875 1.9750976562 2.0007324219 2.0018310547 2.0003051758 1.0582386364 1.0554428101 1.0651016235 1.0589814186 1.0566730499 1.0583094358
1.4570312500 2.0034179688 1.9980468750 1.9775390625 2.0034179688 2.0046386719 2.0030517578 1.0596590909 1.0567474365 1.0666656494 1.0604028702 1.0580329895 1.0596988201
1.4589843750 2.0061035156 2.0009765625 1.9799804688 2.0061035156 2.0074462891 2.0057983398 1.0610795455 1.0580520630 1.0682296753 1.0618243217 1.0593929291 1.0610882044
1.4609375000 2.0087890625 2.0039062500 1.9824218750 2.0087890625 2.0102539062 2.0085449219 1.0625000000 1.0593566895 1.0697937012 1.0632457733 1.0607528687 1.0624775887
1.4628906250 2.0114746094 2.0068359375 1.9848632812 2.0114746094 2.0130615234 2.0112915039 1.0639204545 1.0606613159 1.0713577271 1.0646672249 1.0621128082 1.0638669729
1.4648437500 2.0141601562 2.0097656250 1.9873046875 2.0141601562 2.0158691406 2.0140380859 1.0653409091 1.0619659424 1.0729217529 1.0660886765 1.0634727478 1.0652563572
1.4667968750 2.0168457031 2.0126953125 1.9897460938 2.0168457031 2.0186767578 2.0167846680 1.0667613636 1.0632705688 1.0744857788 1.0675101280 1.0648326874 1.0666457415
1.4687500000 2.0195312500 2.0156250000 1.9921875000 2.0195312500 2.0214843750 2.0195312500 1.0681818182 1.0645751953 1.0760498047 1.0689315796 1.0661926270 1.0680351257
1.4707031250 2.0222167969 2.0185546875 1.9946289062 2.0222167969 2.0242919922 2.0222778320 1.0696022727 1.0658798218 1.0776138306 1.0703530312 1.0675525665 1.0694245100
1.4726562500 2.0249023438 2.0214843750 1.9970703125 2.0249023438 2.0270996094 2.0250244141 1.0710227273 1.0671844482 1.0791778564 1.0717744827 1.0689125061 1.0708138943
1.4746093750 2.0275878906 2.0244140625 1.9995117188 2.0275878906 2.0299072266 2.0277709961 1.0724431818 1.0684890747 1.0807418823 1.0731959343 1.0702724457 1.0722032785
1.4765625000 2.0302734375 2.0273437500 2.0019531250 2.0302734375 2.0327148438 2.0305175781 1.0738636364 1.0697937012 1.0823059082 1.0746173859 1.0716323853 1.0735926628
1.4785156250 2.0329589844 2.0302734375 2.0043945312 2.0329589844 2.0355224609 2.0332641602 1.0752840909 1.0710983276 1.0838699341 1.0760388374 1.0729923248 1.0749820471
1.4804687500 2.0356445312 2.0332031250 2.0068359375 2.0356445312 2.0383300781 2.0360107422 1.0767045455 1.0724029541 1.0854339600 1.0774602890 1.0743522644 1.0763714314
1.4824218750 2.0383300781 2.0361328125 2.0092773438 2.0383300781 2.0411376953 2.0387573242 1.0781250000 1.0737075806 1.0869979858 1.0788817406 1.0757122040 1.0777608156
1.4843750000 2.0410156250 2.0390625000 2.0117187500 2.0410156250 2.0439453125 2.0415039062 1.0795454545 1.0750122070 1.0885620117 1.0803031921 1.0770721436 1.0791501999
1.4863281250 2.0437011719 2.0419921875 2.0141601562 2.0437011719 2.0467529297 2.0442504883 1.0809659091 1.0763168335 1.0901260376 1.0817246437 1.0784320831 1.0805395842
1.4882812500 2.0463867188 2.0449218750 2.0166015625 2.0463867188 2.0495605469 2.0469970703 1.0823863636 1.0776214600 1.0916900635 1.0831460953 1.0797920227 1.0819289684
1.4902343750 2.0490722656 2.0478515625 2.0190429688 2.0490722656 2.0523681641 2.0497436523 1.0838068182 1.0789260864 1.0932540894 1.0845675468 1.0811519623 1.0833183527
1.4921875000 2.0517578125 2.0507812500 2.0214843750 2.0517578125 2.0551757812 2.0524902344 1.0852272727 1.0802307129 1.0948181152 1.0859889984 1.0825119019 1.0847077370
1.4941406250 2.0544433594 2.0537109375 2.0239257812 2.0544433594 2.0579833984 2.0552368164 1.0866477273 1.0815353394 1.0963821411 1.0874104500 1.0838718414 1.0860971212
1.4960937500 2.0571289062 2.0566406250 2.0263671875 2.0571289062 2.0607910156 2.0579833984 1.0880681818 1.0828399658 1.0979461670 1.0888319016 1.0852317810 1.0874865055
1.4980468750 2.0598144531 2.0595703125 2.0288085938 2.0598144531 2.0635986328 2.0607299805 1.0894886364 1.0841445923 1.0995101929 1.0902533531 1.0865917206 1.0888758898
1.5000000000 2.0625000000 2.0625000000 2.0937500000 2.0625000000 2.0585937500 2.0615234375 1.0909090909 1.0854492188 1.0610351562 1.0916748047 1.0917358398 1.0912532806
1.5019531250 2.0651855469 2.0654296875 2.0961914062 2.0651855469 2.0614013672 2.0642700195 1.0923295455 1.0867538452 1.0625991821 1.0930962563 1.0930957794 1.0926426649
1.5039062500 2.0678710938 2.0683593750 2.0986328125 2.0678710938 2.0642089844 2.0670166016 1.0937500000 1.0880584717 1.0641632080 1.0945177078 1.0944557190 1.0940320492
1.5058593750 2.0705566406 2.0712890625 2.1010742188 2.0705566406 2.0670166016 2.0697631836 1.0951704545 1.0893630981 1.0657272339 1.0959391594 1.0958156586 1.0954214334
1.5078125000 2.0732421875 2.0742187500 2.1035156250 2.0732421875 2.0698242188 2.0725097656 1.0965909091 1.0906677246 1.0672912598 1.0973606110 1.0971755981 1.0968108177
1.5097656250 2.0759277344 2.0771484375 2.1059570312 2.0759277344 2.0726318359 2.0752563477 1.0980113636 1.0919723511 1.0688552856 1.0987820625 1.0985355377 1.0982002020
1.5117187500 2.0786132812 2.0800781250 2.1083984375 2.0786132812 2.0754394531 2.0780029297 1.0994318182 1.0932769775 1.0704193115 1.1002035141 1.0998954773 1.0995895863
1.5136718750 2.0812988281 2.0830078125 2.1108398438 2.0812988281 2.0782470703 2.0807495117 1.1008522727 1.0945816040 1.0719833374 1.1016249657 1.1012554169 1.1009789705
1.5156250000 2.0839843750 2.0859375000 2.1132812500 2.0839843750 2.0810546875 2.0834960938 1.1022727273 1.0958862305 1.0735473633 1.1030464172 1.1026153564 1.1023683548
1.5175781250 2.0866699219 2.0888671875 2.1157226562 2.0866699219 2.0838623047 2.0862426758 1.1036931818 1.0971908569 1.0751113892 1.1044678688 1.1039752960 1.1037577391
1.5195312500 2.0893554688 2.0917968750 2.1181640625 2.0893554688 2.0866699219 2.0889892578 1.1051136364 1.0984954834 1.0766754150 1.1058893204 1.1053352356 1.1051471233
1.5214843750 2.0920410156 2.0947265625 2.1206054688 2.0920410156 2.0894775391 2.0917358398 1.1065340909 1.0998001099 1.0782394409 1.1073107719 1.1066951752 1.1065365076
1.5234375000 2.0947265625 2.0976562500 2.1230468750 2.0947265625 2.0922851562 2.0944824219 1.1079545455 1.1011047363 1.0798034668 1.1087322235 1.1080551147 1.1079258919
1.5253906250 2.0974121094 2.1005859375 2.1254882812 2.0974121094 2.0950927734 2.0972290039 1.1093750000 1.1024093628 1.0813674927 1.1101536751 1.1094150543 1.1093152761
1.5273437500 2.1000976562 2.1035156250 2.1279296875 2.1000976562 2.0979003906 2.0999755859 1.1107954545 1.1037139893 1.0829315186 1.1115751266 1.1107749939 1.1107046604
1.5292968750 2.1027832031 2.1064453125 2.1303710938 2.1027832031 2.1007080078 2.1027221680 1.1122159091 1.1050186157 1.0844955444 1.1129965782 1.1121349335 1.1120940447
1.5312500000 2.1054687500 2.1093750000 2.1328125000 2.1054687500 2.1035156250 2.1054687500 1.1136363636 1.1063232422 1.0860595703 1.1144180298 1.1134948730 1.1134834290
1.5332031250 2.1081542969 2.1123046875 2.1352539062 2.1081542969 2.1063232422 2.1082153320 1.1150568182 1.1076278687 1.0876235962 1.1158394814 1.1148548126 1.1148728132
1.5351562500 2.1108398438 2.1152343750 2.1376953125 2.1108398438 2.1091308594 2.1109619141 1.1164772727 1.1089324951 1.0891876221 1.1172609329 1.1162147522 1.1162621975
1.5371093750 2.1135253906 2.1181640625 2.1401367188 2.1135253906 2.1119384766 2.1137084961 1.1178977273 1.1102371216 1.0907516479 1.1186823845 1.1175746918 1.1176515818
1.5390625000 2.1162109375 2.1210937500 2.1425781250 2.1162109375 2.1147460938 2.1164550781 1.1193181818 1.1115417480 1.0923156738 1.1201038361 1.1189346313 1.1190409660
1.5410156250 2.1188964844 2.1240234375 2.1450195312 2.1188964844 2.1175537109 2.1192016602 1.1207386364 1.1128463745 1.0938796997 1.1215252876 1.1202945709 1.1204303503
1.5429687500 2.1215820312 2.1269531250 2.1474609375 2.1215820312 2.1203613281 2.1219482422 1.1221590909 1.1141510010 1.0954437256 1.1229467392 1.1216545105 1.1218197346
1.5449218750 2.1242675781 2.1298828125 2.1499023438 2.1242675781 2.1231689453 2.1246948242 1.1235795455 1.1154556274 1.0970077515 1.1243681908 1.1230144501 1.1232091188
1.5468750000 2.1269531250 2.1328125000 2.1523437500 2.1269531250 2.1259765625 2.1274414062 1.1250000000 1.1167602539 1.0985717773 1.1257896423 1.1243743896 1.1245985031
1.5488281250 2.1296386719 2.1357421875 2.1547851562 2.1296386719 2.1287841797 2.1301879883 1.1264204545 1.1180648804 1.1001358032 1.1272110939 1.1257343292 1.1259878874
1.5507812500 2.1323242188 2.1386718750 2.1572265625 2.1323242188 2.1315917969 2.1329345703 1.1278409091 1.1193695068 1.1016998291 1.1286325455 1.1270942688 1.1273772717
1.5527343750 2.1350097656 2.1416015625 2.1596679688 2.1350097656 2.1343994141 2.1356811523 1.1292613636 1.1206741333 1.1032638550 1.1300539970 1.1284542084 1.1287666559
1.5546875000 2.1376953125 2.1445312500 2.1621093750 2.1376953125 2.1372070312 2.1384277344 1.1306818182 1.1219787598 1.1048278809 1.1314754486 1.1298141479 1.1301560402
1.5566406250 2.1403808594 2.1474609375 2.1645507812 2.1403808594 2.1400146484 2.1411743164 1.1321022727 1.1232833862 1.1063919067 1.1328969002 1.1311740875 1.1315454245
1.5585937500 2.1430664062 2.1503906250 2.1669921875 2.1430664062 2.1428222656 2.1439208984 1.1335227273 1.1245880127 1.1079559326 1.1343183517 1.1325340271 1.1329348087
1.5605468750 2.1457519531 2.1533203125 2.1694335938 2.1457519531 2.1456298828 2.1466674805 1.1349431818 1.1258926392 1.1095199585 1.1357398033 1.1338939667 1.1343241930
1.5625000000 2.1484375000 2.1562500000 2.1718750000 2.1484375000 2.1484375000 2.1474609375 1.1363636364 1.1271972656 1.1110839844 1.1371612549 1.1352539062 1.1367015839
1.5644531250 2.1511230469 2.1591796875 2.1743164062 2.1511230469 2.1512451172 2.1502075195 1.1377840909 1.1285018921 1.1126480103 1.1385827065 1.1366138458 1.1380909681
1.5664062500 2.1538085938 2.1621093750 2.1767578125 2.1538085938 2.1540527344 2.1529541016 1.1392045455 1.1298065186 1.1142120361 1.1400041580 1.1379737854 1.1394803524
1.5683593750 2.1564941406 2.1650390625 2.1791992188 2.1564941406 2.1568603516 2.1557006836 1.1406250000 1.1311111450 1.1157760620 1.1414256096 1.1393337250 1.1408697367
1.5703125000 2.1591796875 2.1679687500 2.1816406250 2.1591796875 2.1596679688 2.1584472656 1.1420454545 1.1324157715 1.1173400879 1.1428470612 1.1406936646 1.1422591209
1.5722656250 2.1618652344 2.1708984375 2.1840820312 2.1618652344 2.1624755859 2.1611938477 1.1434659091 1.1337203979 1.1189041138 1.1442685127 1.1420536041 1.1436485052
1.5742187500 2.1645507812 2.1738281250 2.1865234375 2.1645507812 2.1652832031 2.1639404297 1.1448863636 1.1350250244 1.1204681396 1.1456899643 1.1434135437 1.1450378895
1.5761718750 2.1672363281 2.1767578125 2.1889648438 2.1672363281 2.1680908203 2.1666870117 1.1463068182 1.1363296509 1.1220321655 1.1471114159 1.1447734833 1.1464272738
1.5781250000 2.1699218750 2.1796875000 2.1914062500 2.1699218750 2.1708984375 2.1694335938 1.1477272727 1.1376342773 1.1235961914 1.1485328674 1.1461334229 1.1478166580
1.5800781250 2.1726074219 2.1826171875 2.1938476562 2.1726074219 2.1737060547 2.1721801758 1.1491477273 1.1389389038 1.1251602173 1.1499543190 1.1474933624 1.1492060423
1.5820312500 2.1752929688 2.1855468750 2.1962890625 2.1752929688 2.1765136719 2.1749267578 1.1505681818 1.1402435303 1.1267242432 1.1513757706 1.1488533020 1.1505954266
1.5839843750 2.1779785156 2.1884765625 2.1987304688 2.1779785156 2.1793212891 2.1776733398 1.1519886364 1.1415481567 1.1282882690 1.1527972221 1.1502132416 1.1519848108
1.5859375000 2.1806640625 2.1914062500 2.2011718750 2.1806640625 2.1821289062 2.1804199219 1.1534090909 1.1428527832 1.1298522949 1.1542186737 1.1515731812 1.1533741951
1.5878906250 2.1833496094 2.1943359375 2.2036132812 2.1833496094 2.1849365234 2.1831665039 1.1548295455 1.1441574097 1.1314163208 1.1556401253 1.1529331207 1.1547635794
1.5898437500 2.1860351562 2.1972656250 2.2060546875 2.1860351562 2.1877441406 2.1859130859 1.1562500000 1.1454620361 1.1329803467 1.1570615768 1.1542930603 1.1561529636
1.5917968750 2.1887207031 2.2001953125 2.2084960938 2.1887207031 2.1905517578 2.1886596680 1.1576704545 1.1467666626 1.1345443726 1.1584830284 1.1556529999 1.1575423479
1.5937500000 2.1914062500 2.2031250000 2.2109375000 2.1914062500 2.1933593750 2.1914062500 1.1590909091 1.1480712891 1.1361083984 1.1599044800 1.1570129395 1.1589317322
1.5957031250 2.1940917969 2.2060546875 2.2133789062 2.1940917969 2.1961669922 2.1941528320 1.1605113636 1.1493759155 1.1376724243 1.1613259315 1.1583728790 1.1603211164
1.5976562500 2.1967773438 2.2089843750 2.2158203125 2.1967773438 2.1989746094 2.1968994141 1.1619318182 1.1506805420 1.1392364502 1.1627473831 1.1597328186 1.1617105007
1.5996093750 2.1994628906 2.2119140625 2.2182617188 2.1994628906 2.2017822266 2.1996459961 1.1633522727 1.1519851685 1.1408004761 1.1641688347 1.1610927582 1.1630998850
1.6015625000 2.2021484375 2.2148437500 2.2207031250 2.2021484375 2.2045898438 2.2023925781 1.1647727273 1.1532897949 1.1423645020 1.1655902863 1.1624526978 1.1644892693
1.6035156250 2.2048339844 2.2177734375 2.2231445312 2.2048339844 2.2073974609 2.2051391602 1.1661931818 1.1545944214 1.1439285278 1.1670117378 1.1638126373 1.1658786535
1.6054687500 2.2075195312 2.2207031250 2.2255859375 2.2075195312 2.2102050781 2.2078857422 1.1676136364 1.1558990479 1.1454925537 1.1684331894 1.1651725769 1.1672680378
1.6074218750 2.2102050781 2.2236328125 2.2280273438 2.2102050781 2.2130126953 2.2106323242 1.1690340909 1.1572036743 1.1470565796 1.1698546410 1.1665325165 1.1686574221
1.6093750000 2.2128906250 2.2265625000 2.2304687500 2.2128906250 2.2158203125 2.2133789062 1.1704545455 1.1585083008 1.1486206055 1.1712760925 1.1678924561 1.1700468063
1.6113281250 2.2155761719 2.2294921875 2.2329101562 2.2155761719 2.2186279297 2.2161254883 1.1718750000 1.1598129272 1.1501846313 1.1726975441 1.1692523956 1.1714361906
1.6132812500 2.2182617188 2.2324218750 2.2353515625 2.2182617188 2.2214355469 2.2188720703 1.1732954545 1.1611175537 1.1517486572 1.1741189957 1.1706123352 1.1728255749
1.6152343750 2.2209472656 2.2353515625 2.2377929688 2.2209472656 2.2242431641 2.2216186523 1.1747159091 1.1624221802 1.1533126831 1.1755404472 1.1719722748 1.1742149591
1.6171875000 2.2236328125 2.2382812500 2.2402343750 2.2236328125 2.2270507812 2.2243652344 1.1761363636 1.1637268066 1.1548767090 1.1769618988 1.1733322144 1.1756043434
1.6191406250 2.2263183594 2.2412109375 2.2426757812 2.2263183594 2.2298583984 2.2271118164 1.1775568182 1.1650314331 1.1564407349 1.1783833504 1.1746921539 1.1769937277
1.6210937500 2.2290039062 2.2441406250 2.2451171875 2.2290039062 2.2326660156 2.2298583984 1.1789772727 1.1663360596 1.1580047607 1.1798048019 1.1760520935 1.1783831120
1.6230468750 2.2316894531 2.2470703125 2.2475585938 2.2316894531 2.2354736328 2.2326049805 1.1803977273 1.1676406860 1.1595687866 1.1812262535 1.1774120331 1.1797724962
1.6250000000 2.2343750000 2.2500000000 2.2500000000 2.2343750000 2.2304687500 2.2333984375 1.1818181818 1.1689453125 1.1611328125 1.1826477051 1.1825561523 1.1821498871
1.6269531250 2.2370605469 2.2529296875 2.2524414062 2.2370605469 2.2332763672 2.2361450195 1.1832386364 1.1702499390 1.1626968384 1.1840691566 1.1839160919 1.1835392714
1.6289062500 2.2397460938 2.2558593750 2.2548828125 2.2397460938 2.2360839844 2.2388916016 1.1846590909 1.1715545654 1.1642608643 1.1854906082 1.1852760315 1.1849286556
1.6308593750 2.2424316406 2.2587890625 2.2573242188 2.2424316406 2.2388916016 2.2416381836 1.1860795455 1.1728591919 1.1658248901 1.1869120598 1.1866359711 1.1863180399
1.6328125000 2.2451171875 2.2617187500 2.2597656250 2.2451171875 2.2416992188 2.2443847656 1.1875000000 1.1741638184 1.1673889160 1.1883335114 1.1879959106 1.1877074242
1.6347656250 2.2478027344 2.2646484375 2.2622070312 2.2478027344 2.2445068359 2.2471313477 1.1889204545 1.1754684448 1.1689529419 1.1897549629 1.1893558502 1.1890968084
1.6367187500 2.2504882812 2.2675781250 2.2646484375 2.2504882812 2.2473144531 2.2498779297 1.1903409091 1.1767730713 1.1705169678 1.1911764145 1.1907157898 1.1904861927
1.6386718750 2.2531738281 2.2705078125 2.2670898438 2.2531738281 2.2501220703 2.2526245117 1.1917613636 1.1780776978 1.1720809937 1.1925978661 1.1920757294 1.1918755770
1.6406250000 2.2558593750 2.2734375000 2.2695312500 2.2558593750 2.2529296875 2.2553710938 1.1931818182 1.1793823242 1.1736450195 1.1940193176 1.1934356689 1.1932649612
1.6425781250 2.2585449219 2.2763671875 2.2719726562 2.2585449219 2.2557373047 2.2581176758 1.1946022727 1.1806869507 1.1752090454 1.1954407692 1.1947956085 1.1946543455
1.6445312500 2.2612304688 2.2792968750 2.2744140625 2.2612304688 2.2585449219 2.2608642578 1.1960227273 1.1819915771 1.1767730713 1.1968622208 1.1961555481 1.1960437298
1.6464843750 2.2639160156 2.2822265625 2.2768554688 2.2639160156 2.2613525391 2.2636108398 1.1974431818 1.1832962036 1.1783370972 1.1982836723 1.1975154877 1.1974331141
1.6484375000 2.2666015625 2.2851562500 2.2792968750 2.2666015625 2.2641601562 2.2663574219 1.1988636364 1.1846008301 1.1799011230 1.1997051239 1.1988754272 1.1988224983
1.6503906250 2.2692871094 2.2880859375 2.2817382812 2.2692871094 2.2669677734 2.2691040039 1.2002840909 1.1859054565 1.1814651489 1.2011265755 1.2002353668 1.2002118826
1.6523437500 2.2719726562 2.2910156250 2.2841796875 2.2719726562 2.2697753906 2.2718505859 1.2017045455 1.1872100830 1.1830291748 1.2025480270 1.2015953064 1.2016012669
1.6542968750 2.2746582031 2.2939453125 2.2866210938 2.2746582031 2.2725830078 2.2745971680 1.2031250000 1.1885147095 1.1845932007 1.2039694786 1.2029552460 1.2029906511
1.6562500000 2.2773437500 2.2968750000 2.2890625000 2.2773437500 2.2753906250 2.2773437500 1.2045454545 1.1898193359 1.1861572266 1.2053909302 1.2043151855 1.2043800354
1.6582031250 2.2800292969 2.2998046875 2.2915039062 2.2800292969 2.2781982422 2.2800903320 1.2059659091 1.1911239624 1.1877212524 1.2068123817 1.2056751251 1.2057694197
1.6601562500 2.2827148438 2.3027343750 2.2939453125 2.2827148438 2.2810058594 2.2828369141 1.2073863636 1.1924285889 1.1892852783 1.2082338333 1.2070350647 1.2071588039
1.6621093750 2.2854003906 2.3056640625 2.2963867188 2.2854003906 2.2838134766 2.2855834961 1.2088068182 1.1937332153 1.1908493042 1.2096552849 1.2083950043 1.2085481882
1.6640625000 2.2880859375 2.3085937500 2.2988281250 2.2880859375 2.2866210938 2.2883300781 1.2102272727 1.1950378418 1.1924133301 1.2110767365 1.2097549438 1.2099375725
1.6660156250 2.2907714844 2.3115234375 2.3012695312 2.2907714844 2.2894287109 2.2910766602 1.2116477273 1.1963424683 1.1939773560 1.2124981880 1.2111148834 1.2113269567
1.6679687500 2.2934570312 2.3144531250 2.3037109375 2.2934570312 2.2922363281 2.2938232422 1.2130681818 1.1976470947 1.1955413818 1.2139196396 1.2124748230 1.2127163410
1.6699218750 2.2961425781 2.3173828125 2.3061523438 2.2961425781 2.2950439453 2.2965698242 1.2144886364 1.1989517212 1.1971054077 1.2153410912 1.2138347626 1.2141057253
1.6718750000 2.2988281250 2.3203125000 2.3085937500 2.2988281250 2.2978515625 2.2993164062 1.2159090909 1.2002563477 1.1986694336 1.2167625427 1.2151947021 1.2154951096
1.6738281250 2.3015136719 2.3232421875 2.3110351562 2.3015136719 2.3006591797 2.3020629883 1.2173295455 1.2015609741 1.2002334595 1.2181839943 1.2165546417 1.2168844938
1.6757812500 2.3041992188 2.3261718750 2.3134765625 2.3041992188 2.3034667969 2.3048095703 1.2187500000 1.2028656006 1.2017974854 1.2196054459 1.2179145813 1.2182738781
1.6777343750 2.3068847656 2.3291015625 2.3159179688 2.3068847656 2.3062744141 2.3075561523 1.2201704545 1.2041702271 1.2033615112 1.2210268974 1.2192745209 1.2196632624
1.6796875000 2.3095703125 2.3320312500 2.3183593750 2.3095703125 2.3090820312 2.3103027344 1.2215909091 1.2054748535 1.2049255371 1.2224483490 1.2206344604 1.2210526466
1.6816406250 2.3122558594 2.3349609375 2.3208007812 2.3122558594 2.3118896484 2.3130493164 1.2230113636 1.2067794800 1.2064895630 1.2238698006 1.2219944000 1.2224420309
1.6835937500 2.3149414062 2.3378906250 2.3232421875 2.3149414062 2.3146972656 2.3157958984 1.2244318182 1.2080841064 1.2080535889 1.2252912521 1.2233543396 1.2238314152
1.6855468750 2.3176269531 2.3408203125 2.3256835938 2.3176269531 2.3175048828 2.3185424805 1.2258522727 1.2093887329 1.2096176147 1.2267127037 1.2247142792 1.2252207994
1.6875000000 2.3203125000 2.3437500000 2.3281250000 2.3203125000 2.3203125000 2.3193359375 1.2272727273 1.2106933594 1.2111816406 1.2281341553 1.2260742188 1.2275981903
1.6894531250 2.3229980469 2.3466796875 2.3305664062 2.3229980469 2.3231201172 2.3220825195 1.2286931818 1.2119979858 1.2127456665 1.2295556068 1.2274341583 1.2289875746
1.6914062500 2.3256835938 2.3496093750 2.3330078125 2.3256835938 2.3259277344 2.3248291016 1.2301136364 1.2133026123 1.2143096924 1.2309770584 1.2287940979 1.2303769588
1.6933593750 2.3283691406 2.3525390625 2.3354492188 2.3283691406 2.3287353516 2.3275756836 1.2315340909 1.2146072388 1.2158737183 1.2323985100 1.2301540375 1.2317663431
1.6953125000 2.3310546875 2.3554687500 2.3378906250 2.3310546875 2.3315429688 2.3303222656 1.2329545455 1.2159118652 1.2174377441 1.2338199615 1.2315139771 1.2331557274
1.6972656250 2.3337402344 2.3583984375 2.3403320312 2.3337402344 2.3343505859 2.3330688477 1.2343750000 1.2172164917 1.2190017700 1.2352414131 1.2328739166 1.2345451117
1.6992187500 2.3364257812 2.3613281250 2.3427734375 2.3364257812 2.3371582031 2.3358154297 1.2357954545 1.2185211182 1.2205657959 1.2366628647 1.2342338562 1.2359344959
1.7011718750 2.3391113281 2.3642578125 2.3452148438 2.3391113281 2.3399658203 2.3385620117 1.2372159091 1.2198257446 1.2221298218 1.2380843163 1.2355937958 1.2373238802
1.7031250000 2.3417968750 2.3671875000 2.3476562500 2.3417968750 2.3427734375 2.3413085938 1.2386363636 1.2211303711 1.2236938477 1.2395057678 1.2369537354 1.2387132645
1.7050781250 2.3444824219 2.3701171875 2.3500976562 2.3444824219 2.3455810547 2.3440551758 1.2400568182 1.2224349976 1.2252578735 1.2409272194 1.2383136749 1.2401026487
1.7070312500 2.3471679688 2.3730468750 2.3525390625 2.3471679688 2.3483886719 2.3468017578 1.2414772727 1.2237396240 1.2268218994 1.2423486710 1.2396736145 1.2414920330
1.7089843750 2.3498535156 2.3759765625 2.3549804688 2.3498535156 2.3511962891 2.3495483398 1.2428977273 1.2250442505 1.2283859253 1.2437701225 1.2410335541 1.2428814173
1.7109375000 2.3525390625 2.3789062500 2.3574218750 2.3525390625 2.3540039062 2.3522949219 1.2443181818 1.2263488770 1.2299499512 1.2451915741 1.2423934937 1.2442708015
1.7128906250 2.3552246094 2.3818359375 2.3598632812 2.3552246094 2.3568115234 2.3550415039 1.2457386364 1.2276535034 1.2315139771 1.2466130257 1.2437534332 1.2456601858
1.7148437500 2.3579101562 2.3847656250 2.3623046875 2.3579101562 2.3596191406 2.3577880859 1.2471590909 1.2289581299 1.2330780029 1.2480344772 1.2451133728 1.2470495701
1.7167968750 2.3605957031 2.3876953125 2.3647460938 2.3605957031 2.3624267578 2.3605346680 1.2485795455 1.2302627563 1.2346420288 1.2494559288 1.2464733124 1.2484389544
1.7187500000 2.3632812500 2.3906250000 2.3671875000 2.3632812500 2.3652343750 2.3632812500 1.2500000000 1.2315673828 1.2362060547 1.2508773804 1.2478332520 1.2498283386
1.7207031250 2.3659667969 2.3935546875 2.3696289062 2.3659667969 2.3680419922 2.3660278320 1.2514204545 1.2328720093 1.2377700806 1.2522988319 1.2491931915 1.2512177229
1.7226562500 2.3686523438 2.3964843750 2.3720703125 2.3686523438 2.3708496094 2.3687744141 1.2528409091 1.2341766357 1.2393341064 1.2537202835 1.2505531311 1.2526071072
1.7246093750 2.3713378906 2.3994140625 2.3745117188 2.3713378906 2.3736572266 2.3715209961 1.2542613636 1.2354812622 1.2408981323 1.2551417351 1.2519130707 1.2539964914
1.7265625000 2.3740234375 2.4023437500 2.3769531250 2.3740234375 2.3764648438 2.3742675781 1.2556818182 1.2367858887 1.2424621582 1.2565631866 1.2532730103 1.2553858757
1.7285156250 2.3767089844 2.4052734375 2.3793945312 2.3767089844 2.3792724609 2.3770141602 1.2571022727 1.2380905151 1.2440261841 1.2579846382 1.2546329498 1.2567752600
1.7304687500 2.3793945312 2.4082031250 2.3818359375 2.3793945312 2.3820800781 2.3797607422 1.2585227273 1.2393951416 1.2455902100 1.2594060898 1.2559928894 1.2581646442
1.7324218750 2.3820800781 2.4111328125 2.3842773438 2.3820800781 2.3848876953 2.3825073242 1.2599431818 1.2406997681 1.2471542358 1.2608275414 1.2573528290 1.2595540285
1.7343750000 2.3847656250 2.4140625000 2.3867187500 2.3847656250 2.3876953125 2.3852539062 1.2613636364 1.2420043945 1.2487182617 1.2622489929 1.2587127686 1.2609434128
1.7363281250 2.3874511719 2.4169921875 2.3891601562 2.3874511719 2.3905029297 2.3880004883 1.2627840909 1.2433090210 1.2502822876 1.2636704445 1.2600727081 1.2623327971
1.7382812500 2.3901367188 2.4199218750 2.3916015625 2.3901367188 2.3933105469 2.3907470703 1.2642045455 1.2446136475 1.2518463135 1.2650918961 1.2614326477 1.2637221813
1.7402343750 2.3928222656 2.4228515625 2.3940429688 2.3928222656 2.3961181641 2.3934936523 1.2656250000 1.2459182739 1.2534103394 1.2665133476 1.2627925873 1.2651115656
1.7421875000 2.3955078125 2.4257812500 2.3964843750 2.3955078125 2.3989257812 2.3962402344 1.2670454545 1.2472229004 1.2549743652 1.2679347992 1.2641525269 1.2665009499
1.7441406250 2.3981933594 2.4287109375 2.3989257812 2.3981933594 2.4017333984 2.3989868164 1.2684659091 1.2485275269 1.2565383911 1.2693562508 1.2655124664 1.2678903341
1.7460937500 2.4008789062 2.4316406250 2.4013671875 2.4008789062 2.4045410156 2.4017333984 1.2698863636 1.2498321533 1.2581024170 1.2707777023 1.2668724060 1.2692797184
1.7480468750 2.4035644531 2.4345703125 2.4038085938 2.4035644531 2.4073486328 2.4044799805 1.2713068182 1.2511367798 1.2596664429 1.2721991539 1.2682323456 1.2706691027
1.7500000000 2.4062500000 2.4375000000 2.4062500000 2.4062500000 2.4023437500 2.4052734375 1.2727272727 1.2524414062 1.2612304688 1.2736206055 1.2733764648 1.2730464935
1.7519531250 2.4089355469 2.4404296875 2.4086914062 2.4089355469 2.4051513672 2.4080200195 1.2741477273 1.2537460327 1.2627944946 1.2750420570 1.2747364044 1.2744358778
1.7539062500 2.4116210938 2.4433593750 2.4111328125 2.4116210938 2.4079589844 2.4107666016 1.2755681818 1.2550506592 1.2643585205 1.2764635086 1.2760963440 1.2758252621
1.7558593750 2.4143066406 2.4462890625 2.4135742188 2.4143066406 2.4107666016 2.4135131836 1.2769886364 1.2563552856 1.2659225464 1.2778849602 1.2774562836 1.2772146463
1.7578125000 2.4169921875 2.4492187500 2.4160156250 2.4169921875 2.4135742188 2.4162597656 1.2784090909 1.2576599121 1.2674865723 1.2793064117 1.2788162231 1.2786040306
1.7597656250 2.4196777344 2.4521484375 2.4184570312 2.4196777344 2.4163818359 2.4190063477 1.2798295455 1.2589645386 1.2690505981 1.2807278633 1.2801761627 1.2799934149
1.7617187500 2.4223632812 2.4550781250 2.4208984375 2.4223632812 2.4191894531 2.4217529297 1.2812500000 1.2602691650 1.2706146240 1.2821493149 1.2815361023 1.2813827991
1.7636718750 2.4250488281 2.4580078125 2.4233398438 2.4250488281 2.4219970703 2.4244995117 1.2826704545 1.2615737915 1.2721786499 1.2835707664 1.2828960419 1.2827721834
1.7656250000 2.4277343750 2.4609375000 2.4257812500 2.4277343750 2.4248046875 2.4272460938 1.2840909091 1.2628784180 1.2737426758 1.2849922180 1.2842559814 1.2841615677
1.7675781250 2.4304199219 2.4638671875 2.4282226562 2.4304199219 2.4276123047 2.4299926758 1.2855113636 1.2641830444 1.2753067017 1.2864136696 1.2856159210 1.2855509520
1.7695312500 2.4331054688 2.4667968750 2.4306640625 2.4331054688 2.4304199219 2.4327392578 1.2869318182 1.2654876709 1.2768707275 1.2878351212 1.2869758606 1.2869403362
1.7714843750 2.4357910156 2.4697265625 2.4331054688 2.4357910156 2.4332275391 2.4354858398 1.2883522727 1.2667922974 1.2784347534 1.2892565727 1.2883358002 1.2883297205
1.7734375000 2.4384765625 2.4726562500 2.4355468750 2.4384765625 2.4360351562 2.4382324219 1.2897727273 1.2680969238 1.2799987793 1.2906780243 1.2896957397 1.2897191048
1.7753906250 2.4411621094 2.4755859375 2.4379882812 2.4411621094 2.4388427734 2.4409790039 1.2911931818 1.2694015503 1.2815628052 1.2920994759 1.2910556793 1.2911084890
1.7773437500 2.4438476562 2.4785156250 2.4404296875 2.4438476562 2.4416503906 2.4437255859 1.2926136364 1.2707061768 1.2831268311 1.2935209274 1.2924156189 1.2924978733
1.7792968750 2.4465332031 2.4814453125 2.4428710938 2.4465332031 2.4444580078 2.4464721680 1.2940340909 1.2720108032 1.2846908569 1.2949423790 1.2937755585 1.2938872576
1.7812500000 2.4492187500 2.4843750000 2.4453125000 2.4492187500 2.4472656250 2.4492187500 1.2954545455 1.2733154297 1.2862548828 1.2963638306 1.2951354980 1.2952766418
1.7832031250 2.4519042969 2.4873046875 2.4477539062 2.4519042969 2.4500732422 2.4519653320 1.2968750000 1.2746200562 1.2878189087 1.2977852821 1.2964954376 1.2966660261
1.7851562500 2.4545898438 2.4902343750 2.4501953125 2.4545898438 2.4528808594 2.4547119141 1.2982954545 1.2759246826 1.2893829346 1.2992067337 1.2978553772 1.2980554104
1.7871093750 2.4572753906 2.4931640625 2.4526367188 2.4572753906 2.4556884766 2.4574584961 1.2997159091 1.2772293091 1.2909469604 1.3006281853 1.2992153168 1.2994447947
1.7890625000 2.4599609375 2.4960937500 2.4550781250 2.4599609375 2.4584960938 2.4602050781 1.3011363636 1.2785339355 1.2925109863 1.3020496368 1.3005752563 1.3008341789
1.7910156250 2.4626464844 2.4990234375 2.4575195312 2.4626464844 2.4613037109 2.4629516602 1.3025568182 1.2798385620 1.2940750122 1.3034710884 1.3019351959 1.3022235632
1.7929687500 2.4653320312 2.5019531250 2.4599609375 2.4653320312 2.4641113281 2.4656982422 1.3039772727 1.2811431885 1.2956390381 1.3048925400 1.3032951355 1.3036129475
1.7949218750 2.4680175781 2.5048828125 2.4624023438 2.4680175781 2.4669189453 2.4684448242 1.3053977273 1.2824478149 1.2972030640 1.3063139915 1.3046550751 1.3050023317
1.7968750000 2.4707031250 2.5078125000 2.4648437500 2.4707031250 2.4697265625 2.4711914062 1.3068181818 1.2837524414 1.2987670898 1.3077354431 1.3060150146 1.3063917160
1.7988281250 2.4733886719 2.5107421875 2.4672851562 2.4733886719 2.4725341797 2.4739379883 1.3082386364 1.2850570679 1.3003311157 1.3091568947 1.3073749542 1.3077811003
1.8007812500 2.4760742188 2.5136718750 2.4697265625 2.4760742188 2.4753417969 2.4766845703 1.3096590909 1.2863616943 1.3018951416 1.3105783463 1.3087348938 1.3091704845
1.8027343750 2.4787597656 2.5166015625 2.4721679688 2.4787597656 2.4781494141 2.4794311523 1.3110795455 1.2876663208 1.3034591675 1.3119997978 1.3100948334 1.3105598688
1.8046875000 2.4814453125 2.5195312500 2.4746093750 2.4814453125 2.4809570312 2.4821777344 1.3125000000 1.2889709473 1.3050231934 1.3134212494 1.3114547729 1.3119492531
1.8066406250 2.4841308594 2.5224609375 2.4770507812 2.4841308594 2.4837646484 2.4849243164 1.3139204545 1.2902755737 1.3065872192 1.3148427010 1.3128147125 1.3133386374
1.8085937500 2.4868164062 2.5253906250 2.4794921875 2.4868164062 2.4865722656 2.4876708984 1.3153409091 1.2915802002 1.3081512451 1.3162641525 1.3141746521 1.3147280216
1.8105468750 2.4895019531 2.5283203125 2.4819335938 2.4895019531 2.4893798828 2.4904174805 1.3167613636 1.2928848267 1.3097152710 1.3176856041 1.3155345917 1.3161174059
1.8125000000 2.4921875000 2.5312500000 2.4843750000 2.4921875000 2.4921875000 2.4912109375 1.3181818182 1.2941894531 1.3112792969 1.3191070557 1.3168945312 1.3184947968
1.8144531250 2.4948730469 2.5341796875 2.4868164062 2.4948730469 2.4949951172 2.4939575195 1.3196022727 1.2954940796 1.3128433228 1.3205285072 1.3182544708 1.3198841810
1.8164062500 2.4975585938 2.5371093750 2.4892578125 2.4975585938 2.4978027344 2.4967041016 1.3210227273 1.2967987061 1.3144073486 1.3219499588 1.3196144104 1.3212735653
1.8183593750 2.5002441406 2.5400390625 2.4916992188 2.5002441406 2.5006103516 2.4994506836 1.3224431818 1.2981033325 1.3159713745 1.3233714104 1.3209743500 1.3226629496
1.8203125000 2.5029296875 2.5429687500 2.4941406250 2.5029296875 2.5034179688 2.5021972656 1.3238636364 1.2994079590 1.3175354004 1.3247928619 1.3223342896 1.3240523338
1.8222656250 2.5056152344 2.5458984375 2.4965820312 2.5056152344 2.5062255859 2.5049438477 1.3252840909 1.3007125854 1.3190994263 1.3262143135 1.3236942291 1.3254417181
1.8242187500 2.5083007812 2.5488281250 2.4990234375 2.5083007812 2.5090332031 2.5076904297 1.3267045455 1.3020172119 1.3206634521 1.3276357651 1.3250541687 1.3268311024
1.8261718750 2.5109863281 2.5517578125 2.5014648438 2.5109863281 2.5118408203 2.5104370117 1.3281250000 1.3033218384 1.3222274780 1.3290572166 1.3264141083 1.3282204866
1.8281250000 2.5136718750 2.5546875000 2.5039062500 2.5136718750 2.5146484375 2.5131835938 1.3295454545 1.3046264648 1.3237915039 1.3304786682 1.3277740479 1.3296098709
1.8300781250 2.5163574219 2.5576171875 2.5063476562 2.5163574219 2.5174560547 2.5159301758 1.3309659091 1.3059310913 1.3253555298 1.3319001198 1.3291339874 1.3309992552
1.8320312500 2.5190429688 2.5605468750 2.5087890625 2.5190429688 2.5202636719 2.5186767578 1.3323863636 1.3072357178 1.3269195557 1.3333215714 1.3304939270 1.3323886395
1.8339843750 2.5217285156 2.5634765625 2.5112304688 2.5217285156 2.5230712891 2.5214233398 1.3338068182 1.3085403442 1.3284835815 1.3347430229 1.3318538666 1.3337780237
1.8359375000 2.5244140625 2.5664062500 2.5136718750 2.5244140625 2.5258789062 2.5241699219 1.3352272727 1.3098449707 1.3300476074 1.3361644745 1.3332138062 1.3351674080
1.8378906250 2.5270996094 2.5693359375 2.5161132812 2.5270996094 2.5286865234 2.5269165039 1.3366477273 1.3111495972 1.3316116333 1.3375859261 1.3345737457 1.3365567923
1.8398437500 2.5297851562 2.5722656250 2.5185546875 2.5297851562 2.5314941406 2.5296630859 1.3380681818 1.3124542236 1.3331756592 1.3390073776 1.3359336853 1.3379461765
1.8417968750 2.5324707031 2.5751953125 2.5209960938 2.5324707031 2.5343017578 2.5324096680 1.3394886364 1.3137588501 1.3347396851 1.3404288292 1.3372936249 1.3393355608
1.8437500000 2.5351562500 2.5781250000 2.5234375000 2.5351562500 2.5371093750 2.5351562500 1.3409090909 1.3150634766 1.3363037109 1.3418502808 1.3386535645 1.3407249451
1.8457031250 2.5378417969 2.5810546875 2.5258789062 2.5378417969 2.5399169922 2.5379028320 1.3423295455 1.3163681030 1.3378677368 1.3432717323 1.3400135040 1.3421143293
1.8476562500 2.5405273438 2.5839843750 2.5283203125 2.5405273438 2.5427246094 2.5406494141 1.3437500000 1.3176727295 1.3394317627 1.3446931839 1.3413734436 1.3435037136
1.8496093750 2.5432128906 2.5869140625 2.5307617188 2.5432128906 2.5455322266 2.5433959961 1.3451704545 1.3189773560 1.3409957886 1.3461146355 1.3427333832 1.3448930979
1.8515625000 2.5458984375 2.5898437500 2.5332031250 2.5458984375 2.5483398438 2.5461425781 1.3465909091 1.3202819824 1.3425598145 1.3475360870 1.3440933228 1.3462824821
1.8535156250 2.5485839844 2.5927734375 2.5356445312 2.5485839844 2.5511474609 2.5488891602 1.3480113636 1.3215866089 1.3441238403 1.3489575386 1.3454532623 1.3476718664
1.8554687500 2.5512695312 2.5957031250 2.5380859375 2.5512695312 2.5539550781 2.5516357422 1.3494318182 1.3228912354 1.3456878662 1.3503789902 1.3468132019 1.3490612507
1.8574218750 2.5539550781 2.5986328125 2.5405273438 2.5539550781 2.5567626953 2.5543823242 1.3508522727 1.3241958618 1.3472518921 1.3518004417 1.3481731415 1.3504506350
1.8593750000 2.5566406250 2.6015625000 2.5429687500 2.5566406250 2.5595703125 2.5571289062 1.3522727273 1.3255004883 1.3488159180 1.3532218933 1.3495330811 1.3518400192
1.8613281250 2.5593261719 2.6044921875 2.5454101562 2.5593261719 2.5623779297 2.5598754883 1.3536931818 1.3268051147 1.3503799438 1.3546433449 1.3508930206 1.3532294035
1.8632812500 2.5620117188 2.6074218750 2.5478515625 2.5620117188 2.5651855469 2.5626220703 1.3551136364 1.3281097412 1.3519439697 1.3560647964 1.3522529602 1.3546187878
1.8652343750 2.5646972656 2.6103515625 2.5502929688 2.5646972656 2.5679931641 2.5653686523 1.3565340909 1.3294143677 1.3535079956 1.3574862480 1.3536128998 1.3560081720
1.8671875000 2.5673828125 2.6132812500 2.5527343750 2.5673828125 2.5708007812 2.5681152344 1.3579545455 1.3307189941 1.3550720215 1.3589076996 1.3549728394 1.3573975563
1.8691406250 2.5700683594 2.6162109375 2.5551757812 2.5700683594 2.5736083984 2.5708618164 1.3593750000 1.3320236206 1.3566360474 1.3603291512 1.3563327789 1.3587869406
1.8710937500 2.5727539062 2.6191406250 2.5576171875 2.5727539062 2.5764160156 2.5736083984 1.3607954545 1.3333282471 1.3582000732 1.3617506027 1.3576927185 1.3601763248
1.8730468750 2.5754394531 2.6220703125 2.5600585938 2.5754394531 2.5792236328 2.5763549805 1.3622159091 1.3346328735 1.3597640991 1.3631720543 1.3590526581 1.3615657091
1.8750000000 2.5781250000 2.6250000000 2.5625000000 2.5781250000 2.5742187500 2.5771484375 1.3636363636 1.3359375000 1.3613281250 1.3645935059 1.3641967773 1.3639431000
1.8769531250 2.5808105469 2.6279296875 2.5649414062 2.5808105469 2.5770263672 2.5798950195 1.3650568182 1.3372421265 1.3628921509 1.3660149574 1.3655567169 1.3653324842
1.8789062500 2.5834960938 2.6308593750 2.5673828125 2.5834960938 2.5798339844 2.5826416016 1.3664772727 1.3385467529 1.3644561768 1.3674364090 1.3669166565 1.3667218685
1.8808593750 2.5861816406 2.6337890625 2.5698242188 2.5861816406 2.5826416016 2.5853881836 1.3678977273 1.3398513794 1.3660202026 1.3688578606 1.3682765961 1.3681112528
1.8828125000 2.5888671875 2.6367187500 2.5722656250 2.5888671875 2.5854492188 2.5881347656 1.3693181818 1.3411560059 1.3675842285 1.3702793121 1.3696365356 1.3695006371
1.8847656250 2.5915527344 2.6396484375 2.5747070312 2.5915527344 2.5882568359 2.5908813477 1.3707386364 1.3424606323 1.3691482544 1.3717007637 1.3709964752 1.3708900213
1.8867187500 2.5942382812 2.6425781250 2.5771484375 2.5942382812 2.5910644531 2.5936279297 1.3721590909 1.3437652588 1.3707122803 1.3731222153 1.3723564148 1.3722794056
1.8886718750 2.5969238281 2.6455078125 2.5795898438 2.5969238281 2.5938720703 2.5963745117 1.3735795455 1.3450698853 1.3722763062 1.3745436668 1.3737163544 1.3736687899
1.8906250000 2.5996093750 2.6484375000 2.5820312500 2.5996093750 2.5966796875 2.5991210938 1.3750000000 1.3463745117 1.3738403320 1.3759651184 1.3750762939 1.3750581741
1.8925781250 2.6022949219 2.6513671875 2.5844726562 2.6022949219 2.5994873047 2.6018676758 1.3764204545 1.3476791382 1.3754043579 1.3773865700 1.3764362335 1.3764475584
1.8945312500 2.6049804688 2.6542968750 2.5869140625 2.6049804688 2.6022949219 2.6046142578 1.3778409091 1.3489837646 1.3769683838 1.3788080215 1.3777961731 1.3778369427
1.8964843750 2.6076660156 2.6572265625 2.5893554688 2.6076660156 2.6051025391 2.6073608398 1.3792613636 1.3502883911 1.3785324097 1.3802294731 1.3791561127 1.3792263269
1.8984375000 2.6103515625 2.6601562500 2.5917968750 2.6103515625 2.6079101562 2.6101074219 1.3806818182 1.3515930176 1.3800964355 1.3816509247 1.3805160522 1.3806157112
1.9003906250 2.6130371094 2.6630859375 2.5942382812 2.6130371094 2.6107177734 2.6128540039 1.3821022727 1.3528976440 1.3816604614 1.3830723763 1.3818759918 1.3820050955
1.9023437500 2.6157226562 2.6660156250 2.5966796875 2.6157226562 2.6135253906 2.6156005859 1.3835227273 1.3542022705 1.3832244873 1.3844938278 1.3832359314 1.3833944798
1.9042968750 2.6184082031 2.6689453125 2.5991210938 2.6184082031 2.6163330078 2.6183471680 1.3849431818 1.3555068970 1.3847885132 1.3859152794 1.3845958710 1.3847838640
1.9062500000 2.6210937500 2.6718750000 2.6015625000 2.6210937500 2.6191406250 2.6210937500 1.3863636364 1.3568115234 1.3863525391 1.3873367310 1.3859558105 1.3861732483
1.9082031250 2.6237792969 2.6748046875 2.6040039062 2.6237792969 2.6219482422 2.6238403320 1.3877840909 1.3581161499 1.3879165649 1.3887581825 1.3873157501 1.3875626326
1.9101562500 2.6264648438 2.6777343750 2.6064453125 2.6264648438 2.6247558594 2.6265869141 1.3892045455 1.3594207764 1.3894805908 1.3901796341 1.3886756897 1.3889520168
1.9121093750 2.6291503906 2.6806640625 2.6088867188 2.6291503906 2.6275634766 2.6293334961 1.3906250000 1.3607254028 1.3910446167 1.3916010857 1.3900356293 1.3903414011
1.9140625000 2.6318359375 2.6835937500 2.6113281250 2.6318359375 2.6303710938 2.6320800781 1.3920454545 1.3620300293 1.3926086426 1.3930225372 1.3913955688 1.3917307854
1.9160156250 2.6345214844 2.6865234375 2.6137695312 2.6345214844 2.6331787109 2.6348266602 1.3934659091 1.3633346558 1.3941726685 1.3944439888 1.3927555084 1.3931201696
1.9179687500 2.6372070312 2.6894531250 2.6162109375 2.6372070312 2.6359863281 2.6375732422 1.3948863636 1.3646392822 1.3957366943 1.3958654404 1.3941154480 1.3945095539
1.9199218750 2.6398925781 2.6923828125 2.6186523438 2.6398925781 2.6387939453 2.6403198242 1.3963068182 1.3659439087 1.3973007202 1.3972868919 1.3954753876 1.3958989382
1.9218750000 2.6425781250 2.6953125000 2.6210937500 2.6425781250 2.6416015625 2.6430664062 1.3977272727 1.3672485352 1.3988647461 1.3987083435 1.3968353271 1.3972883224
1.9238281250 2.6452636719 2.6982421875 2.6235351562 2.6452636719 2.6444091797 2.6458129883 1.3991477273 1.3685531616 1.4004287720 1.4001297951 1.3981952667 1.3986777067
1.9257812500 2.6479492188 2.7011718750 2.6259765625 2.6479492188 2.6472167969 2.6485595703 1.4005681818 1.3698577881 1.4019927979 1.4015512466 1.3995552063 1.4000670910
1.9277343750 2.6506347656 2.7041015625 2.6284179688 2.6506347656 2.6500244141 2.6513061523 1.4019886364 1.3711624146 1.4035568237 1.4029726982 1.4009151459 1.4014564753
1.9296875000 2.6533203125 2.7070312500 2.6308593750 2.6533203125 2.6528320312 2.6540527344 1.4034090909 1.3724670410 1.4051208496 1.4043941498 1.4022750854 1.4028458595
1.9316406250 2.6560058594 2.7099609375 2.6333007812 2.6560058594 2.6556396484 2.6567993164 1.4048295455 1.3737716675 1.4066848755 1.4058156013 1.4036350250 1.4042352438
1.9335937500 2.6586914062 2.7128906250 2.6357421875 2.6586914062 2.6584472656 2.6595458984 1.4062500000 1.3750762939 1.4082489014 1.4072370529 1.4049949646 1.4056246281
1.9355468750 2.6613769531 2.7158203125 2.6381835938 2.6613769531 2.6612548828 2.6622924805 1.4076704545 1.3763809204 1.4098129272 1.4086585045 1.4063549042 1.4070140123
1.9375000000 2.6640625000 2.7187500000 2.6406250000 2.6640625000 2.6640625000 2.6630859375 1.4090909091 1.3776855469 1.4113769531 1.4100799561 1.4077148438 1.4093914032
1.9394531250 2.6667480469 2.7216796875 2.6430664062 2.6667480469 2.6668701172 2.6658325195 1.4105113636 1.3789901733 1.4129409790 1.4115014076 1.4090747833 1.4107807875
1.9414062500 2.6694335938 2.7246093750 2.6455078125 2.6694335938 2.6696777344 2.6685791016 1.4119318182 1.3802947998 1.4145050049 1.4129228592 1.4104347229 1.4121701717
1.9433593750 2.6721191406 2.7275390625 2.6479492188 2.6721191406 2.6724853516 2.6713256836 1.4133522727 1.3815994263 1.4160690308 1.4143443108 1.4117946625 1.4135595560
1.9453125000 2.6748046875 2.7304687500 2.6503906250 2.6748046875 2.6752929688 2.6740722656 1.4147727273 1.3829040527 1.4176330566 1.4157657623 1.4131546021 1.4149489403
1.9472656250 2.6774902344 2.7333984375 2.6528320312 2.6774902344 2.6781005859 2.6768188477 1.4161931818 1.3842086792 1.4191970825 1.4171872139 1.4145145416 1.4163383245
1.9492187500 2.6801757812 2.7363281250 2.6552734375 2.6801757812 2.6809082031 2.6795654297 1.4176136364 1.3855133057 1.4207611084 1.4186086655 1.4158744812 1.4177277088
1.9511718750 2.6828613281 2.7392578125 2.6577148438 2.6828613281 2.6837158203 2.6823120117 1.4190340909 1.3868179321 1.4223251343 1.4200301170 1.4172344208 1.4191170931
1.9531250000 2.6855468750 2.7421875000 2.6601562500 2.6855468750 2.6865234375 2.6850585938 1.4204545455 1.3881225586 1.4238891602 1.4214515686 1.4185943604 1.4205064774
1.9550781250 2.6882324219 2.7451171875 2.6625976562 2.6882324219 2.6893310547 2.6878051758 1.4218750000 1.3894271851 1.4254531860 1.4228730202 1.4199542999 1.4218958616
1.9570312500 2.6909179688 2.7480468750 2.6650390625 2.6909179688 2.6921386719 2.6905517578 1.4232954545 1.3907318115 1.4270172119 1.4242944717 1.4213142395 1.4232852459
1.9589843750 2.6936035156 2.7509765625 2.6674804688 2.6936035156 2.6949462891 2.6932983398 1.4247159091 1.3920364380 1.4285812378 1.4257159233 1.4226741791 1.4246746302
1.9609375000 2.6962890625 2.7539062500 2.6699218750 2.6962890625 2.6977539062 2.6960449219 1.4261363636 1.3933410645 1.4301452637 1.4271373749 1.4240341187 1.4260640144
1.9628906250 2.6989746094 2.7568359375 2.6723632812 2.6989746094 2.7005615234 2.6987915039 1.4275568182 1.3946456909 1.4317092896 1.4285588264 1.4253940582 1.4274533987
1.9648437500 2.7016601562 2.7597656250 2.6748046875 2.7016601562 2.7033691406 2.7015380859 1.4289772727 1.3959503174 1.4332733154 1.4299802780 1.4267539978 1.4288427830
1.9667968750 2.7043457031 2.7626953125 2.6772460938 2.7043457031 2.7061767578 2.7042846680 1.4303977273 1.3972549438 1.4348373413 1.4314017296 1.4281139374 1.4302321672
1.9687500000 2.7070312500 2.7656250000 2.6796875000 2.7070312500 2.7089843750 2.7070312500 1.4318181818 1.3985595703 1.4364013672 1.4328231812 1.4294738770 1.4316215515
1.9707031250 2.7097167969 2.7685546875 2.6821289062 2.7097167969 2.7117919922 2.7097778320 1.4332386364 1.3998641968 1.4379653931 1.4342446327 1.4308338165 1.4330109358
1.9726562500 2.7124023438 2.7714843750 2.6845703125 2.7124023438 2.7145996094 2.7125244141 1.4346590909 1.4011688232 1.4395294189 1.4356660843 1.4321937561 1.4344003201
1.9746093750 2.7150878906 2.7744140625 2.6870117188 2.7150878906 2.7174072266 2.7152709961 1.4360795455 1.4024734497 1.4410934448 1.4370875359 1.4335536957 1.4357897043
1.9765625000 2.7177734375 2.7773437500 2.6894531250 2.7177734375 2.7202148438 2.7180175781 1.4375000000 1.4037780762 1.4426574707 1.4385089874 1.4349136353 1.4371790886
1.9785156250 2.7204589844 2.7802734375 2.6918945312 2.7204589844 2.7230224609 2.7207641602 1.4389204545 1.4050827026 1.4442214966 1.4399304390 1.4362735748 1.4385684729
1.9804687500 2.7231445312 2.7832031250 2.6943359375 2.7231445312 2.7258300781 2.7235107422 1.4403409091 1.4063873291 1.4457855225 1.4413518906 1.4376335144 1.4399578571
1.9824218750 2.7258300781 2.7861328125 2.6967773438 2.7258300781 2.7286376953 2.7262573242 1.4417613636 1.4076919556 1.4473495483 1.4427733421 1.4389934540 1.4413472414
1.9843750000 2.7285156250 2.7890625000 2.6992187500 2.7285156250 2.7314453125 2.7290039062 1.4431818182 1.4089965820 1.4489135742 1.4441947937 1.4403533936 1.4427366257
1.9863281250 2.7312011719 2.7919921875 2.7016601562 2.7312011719 2.7342529297 2.7317504883 1.4446022727 1.4103012085 1.4504776001 1.4456162453 1.4417133331 1.4441260099
1.9882812500 2.7338867188 2.7949218750 2.7041015625 2.7338867188 2.7370605469 2.7344970703 1.4460227273 1.4116058350 1.4520416260 1.4470376968 1.4430732727 1.4455153942
1.9902343750 2.7365722656 2.7978515625 2.7065429688 2.7365722656 2.7398681641 2.7372436523 1.4474431818 1.4129104614 1.4536056519 1.4484591484 1.4444332123 1.4469047785
1.9921875000 2.7392578125 2.8007812500 2.7089843750 2.7392578125 2.7426757812 2.7399902344 1.4488636364 1.4142150879 1.4551696777 1.4498806000 1.4457931519 1.4482941628
1.9941406250 2.7419433594 2.8037109375 2.7114257812 2.7419433594 2.7454833984 2.7427368164 1.4502840909 1.4155197144 1.4567337036 1.4513020515 1.4471530914 1.4496835470
1.9960937500 2.7446289062 2.8066406250 2.7138671875 2.7446289062 2.7482910156 2.7454833984 1.4517045455 1.4168243408 1.4582977295 1.4527235031 1.4485130310 1.4510729313
1.9980468750 2.7473144531 2.8095703125 2.7163085938 2.7473144531 2.7510986328 2.7482299805 1.4531250000 1.4181289673 1.4598617554 1.4541449547 1.4498729706 1.4524623156
