OADM divider-multiplier software simulation
Coefficient model: ideal paper reciprocal
Maximum Eq. (10)/(11) identity difference: 0.000e+00

mode level cases MRED_pct RMSE_rel_pct MaxRE_pct mean_signed_rel_pct mean_signed_error mean_abs_error rmse_abs_error
MUL 0 10007 3.143955 4.584553 25.000000 -0.156287 +0.000539712 0.062569373 0.083355416
MUL 1 10007 0.768532 1.082867 6.250000 +0.010857 +0.000360265 0.015747647 0.020955484
MUL 2 10007 0.189925 0.265658 1.562500 -0.000525 -0.000004530 0.003913852 0.005227879
MUL 3 10007 0.046957 0.065449 0.390625 -0.000079 -0.000006477 0.000972094 0.001295575
MUL 4 10007 0.011807 0.016415 0.097656 -0.000055 -0.000002341 0.000245141 0.000326375
DIV 0 10007 4.404906 6.776674 33.333321 -3.892254 -0.039942826 0.044775204 0.070278004
DIV 1 10007 1.177130 1.814728 9.602884 -1.044992 -0.011442597 0.012654196 0.020702946
DIV 2 10007 0.293683 0.458390 2.391569 -0.259917 -0.002880214 0.003188398 0.005366662
DIV 3 10007 0.073916 0.114817 0.645974 -0.065338 -0.000725963 0.000804516 0.001352379
DIV 4 10007 0.018463 0.028838 0.149600 -0.016244 -0.000182795 0.000202953 0.000346126

Multiplier-2023 theoretical absolute-error values
level sampled_MAE theory_MAE sampled_MSE theory_MSE
0 0.062569373 0.062500000 0.006948125 0.006944444
1 0.015747647 0.015625000 0.000439132 0.000434028
2 0.003913852 0.003906250 0.000027331 0.000027127
3 0.000972094 0.000976562 0.000001679 0.000001695
4 0.000245141 0.000244141 0.000000107 0.000000106
