1.0000000000 1.3750000000 1.3125000000 1.4062500000 1.3750000000 1.3710937500 0.7272727273 0.7500000000 0.7000000000 0.7272727273 0.7277882798
1.0019531250 1.3776855469 1.3154296875 1.4086914062 1.3776855469 1.3739013672 0.7286931818 0.7513020833 0.7015625000 0.7286931818 0.7291469754
1.0039062500 1.3803710938 1.3183593750 1.4111328125 1.3803710938 1.3767089844 0.7301136364 0.7526041667 0.7031250000 0.7301136364 0.7305056711
1.0058593750 1.3830566406 1.3212890625 1.4135742188 1.3830566406 1.3795166016 0.7315340909 0.7539062500 0.7046875000 0.7315340909 0.7318643667
1.0078125000 1.3857421875 1.3242187500 1.4160156250 1.3857421875 1.3823242188 0.7329545455 0.7552083333 0.7062500000 0.7329545455 0.7332230624
1.0097656250 1.3884277344 1.3271484375 1.4184570312 1.3884277344 1.3851318359 0.7343750000 0.7565104167 0.7078125000 0.7343750000 0.7345817580
1.0117187500 1.3911132812 1.3300781250 1.4208984375 1.3911132812 1.3879394531 0.7357954545 0.7578125000 0.7093750000 0.7357954545 0.7359404537
1.0136718750 1.3937988281 1.3330078125 1.4233398438 1.3937988281 1.3907470703 0.7372159091 0.7591145833 0.7109375000 0.7372159091 0.7372991493
1.0156250000 1.3964843750 1.3359375000 1.4257812500 1.3964843750 1.3935546875 0.7386363636 0.7604166667 0.7125000000 0.7386363636 0.7386578450
1.0175781250 1.3991699219 1.3388671875 1.4282226562 1.3991699219 1.3963623047 0.7400568182 0.7617187500 0.7140625000 0.7400568182 0.7400165406
1.0195312500 1.4018554688 1.3417968750 1.4306640625 1.4018554688 1.3991699219 0.7414772727 0.7630208333 0.7156250000 0.7414772727 0.7413752363
1.0214843750 1.4045410156 1.3447265625 1.4331054688 1.4045410156 1.4019775391 0.7428977273 0.7643229167 0.7171875000 0.7428977273 0.7427339319
1.0234375000 1.4072265625 1.3476562500 1.4355468750 1.4072265625 1.4047851562 0.7443181818 0.7656250000 0.7187500000 0.7443181818 0.7440926276
1.0253906250 1.4099121094 1.3505859375 1.4379882812 1.4099121094 1.4075927734 0.7457386364 0.7669270833 0.7203125000 0.7457386364 0.7454513233
1.0273437500 1.4125976562 1.3535156250 1.4404296875 1.4125976562 1.4104003906 0.7471590909 0.7682291667 0.7218750000 0.7471590909 0.7468100189
1.0292968750 1.4152832031 1.3564453125 1.4428710938 1.4152832031 1.4132080078 0.7485795455 0.7695312500 0.7234375000 0.7485795455 0.7481687146
1.0312500000 1.4179687500 1.3593750000 1.4453125000 1.4179687500 1.4160156250 0.7500000000 0.7708333333 0.7250000000 0.7500000000 0.7495274102
1.0332031250 1.4206542969 1.3623046875 1.4477539062 1.4206542969 1.4188232422 0.7514204545 0.7721354167 0.7265625000 0.7514204545 0.7508861059
1.0351562500 1.4233398438 1.3652343750 1.4501953125 1.4233398438 1.4216308594 0.7528409091 0.7734375000 0.7281250000 0.7528409091 0.7522448015
1.0371093750 1.4260253906 1.3681640625 1.4526367188 1.4260253906 1.4244384766 0.7542613636 0.7747395833 0.7296875000 0.7542613636 0.7536034972
1.0390625000 1.4287109375 1.3710937500 1.4550781250 1.4287109375 1.4272460938 0.7556818182 0.7760416667 0.7312500000 0.7556818182 0.7549621928
1.0410156250 1.4313964844 1.3740234375 1.4575195312 1.4313964844 1.4300537109 0.7571022727 0.7773437500 0.7328125000 0.7571022727 0.7563208885
1.0429687500 1.4340820312 1.3769531250 1.4599609375 1.4340820312 1.4328613281 0.7585227273 0.7786458333 0.7343750000 0.7585227273 0.7576795841
1.0449218750 1.4367675781 1.3798828125 1.4624023438 1.4367675781 1.4356689453 0.7599431818 0.7799479167 0.7359375000 0.7599431818 0.7590382798
1.0468750000 1.4394531250 1.3828125000 1.4648437500 1.4394531250 1.4384765625 0.7613636364 0.7812500000 0.7375000000 0.7613636364 0.7603969754
1.0488281250 1.4421386719 1.3857421875 1.4672851562 1.4421386719 1.4412841797 0.7627840909 0.7825520833 0.7390625000 0.7627840909 0.7617556711
1.0507812500 1.4448242188 1.3886718750 1.4697265625 1.4448242188 1.4440917969 0.7642045455 0.7838541667 0.7406250000 0.7642045455 0.7631143667
1.0527343750 1.4475097656 1.3916015625 1.4721679688 1.4475097656 1.4468994141 0.7656250000 0.7851562500 0.7421875000 0.7656250000 0.7644730624
1.0546875000 1.4501953125 1.3945312500 1.4746093750 1.4501953125 1.4497070312 0.7670454545 0.7864583333 0.7437500000 0.7670454545 0.7658317580
1.0566406250 1.4528808594 1.3974609375 1.4770507812 1.4528808594 1.4525146484 0.7684659091 0.7877604167 0.7453125000 0.7684659091 0.7671904537
1.0585937500 1.4555664062 1.4003906250 1.4794921875 1.4555664062 1.4553222656 0.7698863636 0.7890625000 0.7468750000 0.7698863636 0.7685491493
1.0605468750 1.4582519531 1.4033203125 1.4819335938 1.4582519531 1.4581298828 0.7713068182 0.7903645833 0.7484375000 0.7713068182 0.7699078450
1.0625000000 1.4609375000 1.4062500000 1.4843750000 1.4609375000 1.4609375000 0.7727272727 0.7916666667 0.7500000000 0.7727272727 0.7712665406
1.0644531250 1.4636230469 1.4091796875 1.4868164062 1.4636230469 1.4637451172 0.7741477273 0.7929687500 0.7515625000 0.7741477273 0.7726252363
1.0664062500 1.4663085938 1.4121093750 1.4892578125 1.4663085938 1.4665527344 0.7755681818 0.7942708333 0.7531250000 0.7755681818 0.7739839319
1.0683593750 1.4689941406 1.4150390625 1.4916992188 1.4689941406 1.4693603516 0.7769886364 0.7955729167 0.7546875000 0.7769886364 0.7753426276
1.0703125000 1.4716796875 1.4179687500 1.4941406250 1.4716796875 1.4721679688 0.7784090909 0.7968750000 0.7562500000 0.7784090909 0.7767013233
1.0722656250 1.4743652344 1.4208984375 1.4965820312 1.4743652344 1.4749755859 0.7798295455 0.7981770833 0.7578125000 0.7798295455 0.7780600189
1.0742187500 1.4770507812 1.4238281250 1.4990234375 1.4770507812 1.4777832031 0.7812500000 0.7994791667 0.7593750000 0.7812500000 0.7794187146
1.0761718750 1.4797363281 1.4267578125 1.5014648438 1.4797363281 1.4805908203 0.7826704545 0.8007812500 0.7609375000 0.7826704545 0.7807774102
1.0781250000 1.4824218750 1.4296875000 1.5039062500 1.4824218750 1.4833984375 0.7840909091 0.8020833333 0.7625000000 0.7840909091 0.7821361059
1.0800781250 1.4851074219 1.4326171875 1.5063476562 1.4851074219 1.4862060547 0.7855113636 0.8033854167 0.7640625000 0.7855113636 0.7834948015
1.0820312500 1.4877929688 1.4355468750 1.5087890625 1.4877929688 1.4890136719 0.7869318182 0.8046875000 0.7656250000 0.7869318182 0.7848534972
1.0839843750 1.4904785156 1.4384765625 1.5112304688 1.4904785156 1.4918212891 0.7883522727 0.8059895833 0.7671875000 0.7883522727 0.7862121928
1.0859375000 1.4931640625 1.4414062500 1.5136718750 1.4931640625 1.4946289062 0.7897727273 0.8072916667 0.7687500000 0.7897727273 0.7875708885
1.0878906250 1.4958496094 1.4443359375 1.5161132812 1.4958496094 1.4974365234 0.7911931818 0.8085937500 0.7703125000 0.7911931818 0.7889295841
1.0898437500 1.4985351562 1.4472656250 1.5185546875 1.4985351562 1.5002441406 0.7926136364 0.8098958333 0.7718750000 0.7926136364 0.7902882798
1.0917968750 1.5012207031 1.4501953125 1.5209960938 1.5012207031 1.5030517578 0.7940340909 0.8111979167 0.7734375000 0.7940340909 0.7916469754
1.0937500000 1.5039062500 1.4531250000 1.5234375000 1.5039062500 1.5058593750 0.7954545455 0.8125000000 0.7750000000 0.7954545455 0.7930056711
1.0957031250 1.5065917969 1.4560546875 1.5258789062 1.5065917969 1.5086669922 0.7968750000 0.8138020833 0.7765625000 0.7968750000 0.7943643667
1.0976562500 1.5092773438 1.4589843750 1.5283203125 1.5092773438 1.5114746094 0.7982954545 0.8151041667 0.7781250000 0.7982954545 0.7957230624
1.0996093750 1.5119628906 1.4619140625 1.5307617188 1.5119628906 1.5142822266 0.7997159091 0.8164062500 0.7796875000 0.7997159091 0.7970817580
1.1015625000 1.5146484375 1.4648437500 1.5332031250 1.5146484375 1.5170898438 0.8011363636 0.8177083333 0.7812500000 0.8011363636 0.7984404537
1.1035156250 1.5173339844 1.4677734375 1.5356445312 1.5173339844 1.5198974609 0.8025568182 0.8190104167 0.7828125000 0.8025568182 0.7997991493
1.1054687500 1.5200195312 1.4707031250 1.5380859375 1.5200195312 1.5227050781 0.8039772727 0.8203125000 0.7843750000 0.8039772727 0.8011578450
1.1074218750 1.5227050781 1.4736328125 1.5405273438 1.5227050781 1.5255126953 0.8053977273 0.8216145833 0.7859375000 0.8053977273 0.8025165406
1.1093750000 1.5253906250 1.4765625000 1.5429687500 1.5253906250 1.5283203125 0.8068181818 0.8229166667 0.7875000000 0.8068181818 0.8038752363
1.1113281250 1.5280761719 1.4794921875 1.5454101562 1.5280761719 1.5311279297 0.8082386364 0.8242187500 0.7890625000 0.8082386364 0.8052339319
1.1132812500 1.5307617188 1.4824218750 1.5478515625 1.5307617188 1.5339355469 0.8096590909 0.8255208333 0.7906250000 0.8096590909 0.8065926276
1.1152343750 1.5334472656 1.4853515625 1.5502929688 1.5334472656 1.5367431641 0.8110795455 0.8268229167 0.7921875000 0.8110795455 0.8079513233
1.1171875000 1.5361328125 1.4882812500 1.5527343750 1.5361328125 1.5395507812 0.8125000000 0.8281250000 0.7937500000 0.8125000000 0.8093100189
1.1191406250 1.5388183594 1.4912109375 1.5551757812 1.5388183594 1.5423583984 0.8139204545 0.8294270833 0.7953125000 0.8139204545 0.8106687146
1.1210937500 1.5415039062 1.4941406250 1.5576171875 1.5415039062 1.5451660156 0.8153409091 0.8307291667 0.7968750000 0.8153409091 0.8120274102
1.1230468750 1.5441894531 1.4970703125 1.5600585938 1.5441894531 1.5479736328 0.8167613636 0.8320312500 0.7984375000 0.8167613636 0.8133861059
1.1250000000 1.5468750000 1.5000000000 1.5625000000 1.5468750000 1.5429687500 0.8181818182 0.8333333333 0.8000000000 0.8181818182 0.8185255198
1.1269531250 1.5495605469 1.5029296875 1.5649414062 1.5495605469 1.5457763672 0.8196022727 0.8346354167 0.8015625000 0.8196022727 0.8198842155
1.1289062500 1.5522460938 1.5058593750 1.5673828125 1.5522460938 1.5485839844 0.8210227273 0.8359375000 0.8031250000 0.8210227273 0.8212429112
1.1308593750 1.5549316406 1.5087890625 1.5698242188 1.5549316406 1.5513916016 0.8224431818 0.8372395833 0.8046875000 0.8224431818 0.8226016068
1.1328125000 1.5576171875 1.5117187500 1.5722656250 1.5576171875 1.5541992188 0.8238636364 0.8385416667 0.8062500000 0.8238636364 0.8239603025
1.1347656250 1.5603027344 1.5146484375 1.5747070312 1.5603027344 1.5570068359 0.8252840909 0.8398437500 0.8078125000 0.8252840909 0.8253189981
1.1367187500 1.5629882812 1.5175781250 1.5771484375 1.5629882812 1.5598144531 0.8267045455 0.8411458333 0.8093750000 0.8267045455 0.8266776938
1.1386718750 1.5656738281 1.5205078125 1.5795898438 1.5656738281 1.5626220703 0.8281250000 0.8424479167 0.8109375000 0.8281250000 0.8280363894
1.1406250000 1.5683593750 1.5234375000 1.5820312500 1.5683593750 1.5654296875 0.8295454545 0.8437500000 0.8125000000 0.8295454545 0.8293950851
1.1425781250 1.5710449219 1.5263671875 1.5844726562 1.5710449219 1.5682373047 0.8309659091 0.8450520833 0.8140625000 0.8309659091 0.8307537807
1.1445312500 1.5737304688 1.5292968750 1.5869140625 1.5737304688 1.5710449219 0.8323863636 0.8463541667 0.8156250000 0.8323863636 0.8321124764
1.1464843750 1.5764160156 1.5322265625 1.5893554688 1.5764160156 1.5738525391 0.8338068182 0.8476562500 0.8171875000 0.8338068182 0.8334711720
1.1484375000 1.5791015625 1.5351562500 1.5917968750 1.5791015625 1.5766601562 0.8352272727 0.8489583333 0.8187500000 0.8352272727 0.8348298677
1.1503906250 1.5817871094 1.5380859375 1.5942382812 1.5817871094 1.5794677734 0.8366477273 0.8502604167 0.8203125000 0.8366477273 0.8361885633
1.1523437500 1.5844726562 1.5410156250 1.5966796875 1.5844726562 1.5822753906 0.8380681818 0.8515625000 0.8218750000 0.8380681818 0.8375472590
1.1542968750 1.5871582031 1.5439453125 1.5991210938 1.5871582031 1.5850830078 0.8394886364 0.8528645833 0.8234375000 0.8394886364 0.8389059546
1.1562500000 1.5898437500 1.5468750000 1.6015625000 1.5898437500 1.5878906250 0.8409090909 0.8541666667 0.8250000000 0.8409090909 0.8402646503
1.1582031250 1.5925292969 1.5498046875 1.6040039062 1.5925292969 1.5906982422 0.8423295455 0.8554687500 0.8265625000 0.8423295455 0.8416233459
1.1601562500 1.5952148438 1.5527343750 1.6064453125 1.5952148438 1.5935058594 0.8437500000 0.8567708333 0.8281250000 0.8437500000 0.8429820416
1.1621093750 1.5979003906 1.5556640625 1.6088867188 1.5979003906 1.5963134766 0.8451704545 0.8580729167 0.8296875000 0.8451704545 0.8443407372
1.1640625000 1.6005859375 1.5585937500 1.6113281250 1.6005859375 1.5991210938 0.8465909091 0.8593750000 0.8312500000 0.8465909091 0.8456994329
1.1660156250 1.6032714844 1.5615234375 1.6137695312 1.6032714844 1.6019287109 0.8480113636 0.8606770833 0.8328125000 0.8480113636 0.8470581285
1.1679687500 1.6059570312 1.5644531250 1.6162109375 1.6059570312 1.6047363281 0.8494318182 0.8619791667 0.8343750000 0.8494318182 0.8484168242
1.1699218750 1.6086425781 1.5673828125 1.6186523438 1.6086425781 1.6075439453 0.8508522727 0.8632812500 0.8359375000 0.8508522727 0.8497755198
1.1718750000 1.6113281250 1.5703125000 1.6210937500 1.6113281250 1.6103515625 0.8522727273 0.8645833333 0.8375000000 0.8522727273 0.8511342155
1.1738281250 1.6140136719 1.5732421875 1.6235351562 1.6140136719 1.6131591797 0.8536931818 0.8658854167 0.8390625000 0.8536931818 0.8524929112
1.1757812500 1.6166992188 1.5761718750 1.6259765625 1.6166992188 1.6159667969 0.8551136364 0.8671875000 0.8406250000 0.8551136364 0.8538516068
1.1777343750 1.6193847656 1.5791015625 1.6284179688 1.6193847656 1.6187744141 0.8565340909 0.8684895833 0.8421875000 0.8565340909 0.8552103025
1.1796875000 1.6220703125 1.5820312500 1.6308593750 1.6220703125 1.6215820312 0.8579545455 0.8697916667 0.8437500000 0.8579545455 0.8565689981
1.1816406250 1.6247558594 1.5849609375 1.6333007812 1.6247558594 1.6243896484 0.8593750000 0.8710937500 0.8453125000 0.8593750000 0.8579276938
1.1835937500 1.6274414062 1.5878906250 1.6357421875 1.6274414062 1.6271972656 0.8607954545 0.8723958333 0.8468750000 0.8607954545 0.8592863894
1.1855468750 1.6301269531 1.5908203125 1.6381835938 1.6301269531 1.6300048828 0.8622159091 0.8736979167 0.8484375000 0.8622159091 0.8606450851
1.1875000000 1.6328125000 1.5937500000 1.6406250000 1.6328125000 1.6328125000 0.8636363636 0.8750000000 0.8500000000 0.8636363636 0.8620037807
1.1894531250 1.6354980469 1.5966796875 1.6430664062 1.6354980469 1.6356201172 0.8650568182 0.8763020833 0.8515625000 0.8650568182 0.8633624764
1.1914062500 1.6381835938 1.5996093750 1.6455078125 1.6381835938 1.6384277344 0.8664772727 0.8776041667 0.8531250000 0.8664772727 0.8647211720
1.1933593750 1.6408691406 1.6025390625 1.6479492188 1.6408691406 1.6412353516 0.8678977273 0.8789062500 0.8546875000 0.8678977273 0.8660798677
1.1953125000 1.6435546875 1.6054687500 1.6503906250 1.6435546875 1.6440429688 0.8693181818 0.8802083333 0.8562500000 0.8693181818 0.8674385633
1.1972656250 1.6462402344 1.6083984375 1.6528320312 1.6462402344 1.6468505859 0.8707386364 0.8815104167 0.8578125000 0.8707386364 0.8687972590
1.1992187500 1.6489257812 1.6113281250 1.6552734375 1.6489257812 1.6496582031 0.8721590909 0.8828125000 0.8593750000 0.8721590909 0.8701559546
1.2011718750 1.6516113281 1.6142578125 1.6577148438 1.6516113281 1.6524658203 0.8735795455 0.8841145833 0.8609375000 0.8735795455 0.8715146503
1.2031250000 1.6542968750 1.6171875000 1.6601562500 1.6542968750 1.6552734375 0.8750000000 0.8854166667 0.8625000000 0.8750000000 0.8728733459
1.2050781250 1.6569824219 1.6201171875 1.6625976562 1.6569824219 1.6580810547 0.8764204545 0.8867187500 0.8640625000 0.8764204545 0.8742320416
1.2070312500 1.6596679688 1.6230468750 1.6650390625 1.6596679688 1.6608886719 0.8778409091 0.8880208333 0.8656250000 0.8778409091 0.8755907372
1.2089843750 1.6623535156 1.6259765625 1.6674804688 1.6623535156 1.6636962891 0.8792613636 0.8893229167 0.8671875000 0.8792613636 0.8769494329
1.2109375000 1.6650390625 1.6289062500 1.6699218750 1.6650390625 1.6665039062 0.8806818182 0.8906250000 0.8687500000 0.8806818182 0.8783081285
1.2128906250 1.6677246094 1.6318359375 1.6723632812 1.6677246094 1.6693115234 0.8821022727 0.8919270833 0.8703125000 0.8821022727 0.8796668242
1.2148437500 1.6704101562 1.6347656250 1.6748046875 1.6704101562 1.6721191406 0.8835227273 0.8932291667 0.8718750000 0.8835227273 0.8810255198
1.2167968750 1.6730957031 1.6376953125 1.6772460938 1.6730957031 1.6749267578 0.8849431818 0.8945312500 0.8734375000 0.8849431818 0.8823842155
1.2187500000 1.6757812500 1.6406250000 1.6796875000 1.6757812500 1.6777343750 0.8863636364 0.8958333333 0.8750000000 0.8863636364 0.8837429112
1.2207031250 1.6784667969 1.6435546875 1.6821289062 1.6784667969 1.6805419922 0.8877840909 0.8971354167 0.8765625000 0.8877840909 0.8851016068
1.2226562500 1.6811523438 1.6464843750 1.6845703125 1.6811523438 1.6833496094 0.8892045455 0.8984375000 0.8781250000 0.8892045455 0.8864603025
1.2246093750 1.6838378906 1.6494140625 1.6870117188 1.6838378906 1.6861572266 0.8906250000 0.8997395833 0.8796875000 0.8906250000 0.8878189981
1.2265625000 1.6865234375 1.6523437500 1.6894531250 1.6865234375 1.6889648438 0.8920454545 0.9010416667 0.8812500000 0.8920454545 0.8891776938
1.2285156250 1.6892089844 1.6552734375 1.6918945312 1.6892089844 1.6917724609 0.8934659091 0.9023437500 0.8828125000 0.8934659091 0.8905363894
1.2304687500 1.6918945312 1.6582031250 1.6943359375 1.6918945312 1.6945800781 0.8948863636 0.9036458333 0.8843750000 0.8948863636 0.8918950851
1.2324218750 1.6945800781 1.6611328125 1.6967773438 1.6945800781 1.6973876953 0.8963068182 0.9049479167 0.8859375000 0.8963068182 0.8932537807
1.2343750000 1.6972656250 1.6640625000 1.6992187500 1.6972656250 1.7001953125 0.8977272727 0.9062500000 0.8875000000 0.8977272727 0.8946124764
1.2363281250 1.6999511719 1.6669921875 1.7016601562 1.6999511719 1.7030029297 0.8991477273 0.9075520833 0.8890625000 0.8991477273 0.8959711720
1.2382812500 1.7026367188 1.6699218750 1.7041015625 1.7026367188 1.7058105469 0.9005681818 0.9088541667 0.8906250000 0.9005681818 0.8973298677
1.2402343750 1.7053222656 1.6728515625 1.7065429688 1.7053222656 1.7086181641 0.9019886364 0.9101562500 0.8921875000 0.9019886364 0.8986885633
1.2421875000 1.7080078125 1.6757812500 1.7089843750 1.7080078125 1.7114257812 0.9034090909 0.9114583333 0.8937500000 0.9034090909 0.9000472590
1.2441406250 1.7106933594 1.6787109375 1.7114257812 1.7106933594 1.7142333984 0.9048295455 0.9127604167 0.8953125000 0.9048295455 0.9014059546
1.2460937500 1.7133789062 1.6816406250 1.7138671875 1.7133789062 1.7170410156 0.9062500000 0.9140625000 0.8968750000 0.9062500000 0.9027646503
1.2480468750 1.7160644531 1.6845703125 1.7163085938 1.7160644531 1.7198486328 0.9076704545 0.9153645833 0.8984375000 0.9076704545 0.9041233459
1.2500000000 1.7187500000 1.6875000000 1.7187500000 1.7187500000 1.7148437500 0.9090909091 0.9166666667 0.9000000000 0.9090909091 0.9092627599
1.2519531250 1.7214355469 1.6904296875 1.7211914062 1.7214355469 1.7176513672 0.9105113636 0.9179687500 0.9015625000 0.9105113636 0.9106214556
1.2539062500 1.7241210938 1.6933593750 1.7236328125 1.7241210938 1.7204589844 0.9119318182 0.9192708333 0.9031250000 0.9119318182 0.9119801512
1.2558593750 1.7268066406 1.6962890625 1.7260742188 1.7268066406 1.7232666016 0.9133522727 0.9205729167 0.9046875000 0.9133522727 0.9133388469
1.2578125000 1.7294921875 1.6992187500 1.7285156250 1.7294921875 1.7260742188 0.9147727273 0.9218750000 0.9062500000 0.9147727273 0.9146975425
1.2597656250 1.7321777344 1.7021484375 1.7309570312 1.7321777344 1.7288818359 0.9161931818 0.9231770833 0.9078125000 0.9161931818 0.9160562382
1.2617187500 1.7348632812 1.7050781250 1.7333984375 1.7348632812 1.7316894531 0.9176136364 0.9244791667 0.9093750000 0.9176136364 0.9174149338
1.2636718750 1.7375488281 1.7080078125 1.7358398438 1.7375488281 1.7344970703 0.9190340909 0.9257812500 0.9109375000 0.9190340909 0.9187736295
1.2656250000 1.7402343750 1.7109375000 1.7382812500 1.7402343750 1.7373046875 0.9204545455 0.9270833333 0.9125000000 0.9204545455 0.9201323251
1.2675781250 1.7429199219 1.7138671875 1.7407226562 1.7429199219 1.7401123047 0.9218750000 0.9283854167 0.9140625000 0.9218750000 0.9214910208
1.2695312500 1.7456054688 1.7167968750 1.7431640625 1.7456054688 1.7429199219 0.9232954545 0.9296875000 0.9156250000 0.9232954545 0.9228497164
1.2714843750 1.7482910156 1.7197265625 1.7456054688 1.7482910156 1.7457275391 0.9247159091 0.9309895833 0.9171875000 0.9247159091 0.9242084121
1.2734375000 1.7509765625 1.7226562500 1.7480468750 1.7509765625 1.7485351562 0.9261363636 0.9322916667 0.9187500000 0.9261363636 0.9255671078
1.2753906250 1.7536621094 1.7255859375 1.7504882812 1.7536621094 1.7513427734 0.9275568182 0.9335937500 0.9203125000 0.9275568182 0.9269258034
1.2773437500 1.7563476562 1.7285156250 1.7529296875 1.7563476562 1.7541503906 0.9289772727 0.9348958333 0.9218750000 0.9289772727 0.9282844991
1.2792968750 1.7590332031 1.7314453125 1.7553710938 1.7590332031 1.7569580078 0.9303977273 0.9361979167 0.9234375000 0.9303977273 0.9296431947
1.2812500000 1.7617187500 1.7343750000 1.7578125000 1.7617187500 1.7597656250 0.9318181818 0.9375000000 0.9250000000 0.9318181818 0.9310018904
1.2832031250 1.7644042969 1.7373046875 1.7602539062 1.7644042969 1.7625732422 0.9332386364 0.9388020833 0.9265625000 0.9332386364 0.9323605860
1.2851562500 1.7670898438 1.7402343750 1.7626953125 1.7670898438 1.7653808594 0.9346590909 0.9401041667 0.9281250000 0.9346590909 0.9337192817
1.2871093750 1.7697753906 1.7431640625 1.7651367188 1.7697753906 1.7681884766 0.9360795455 0.9414062500 0.9296875000 0.9360795455 0.9350779773
1.2890625000 1.7724609375 1.7460937500 1.7675781250 1.7724609375 1.7709960938 0.9375000000 0.9427083333 0.9312500000 0.9375000000 0.9364366730
1.2910156250 1.7751464844 1.7490234375 1.7700195312 1.7751464844 1.7738037109 0.9389204545 0.9440104167 0.9328125000 0.9389204545 0.9377953686
1.2929687500 1.7778320312 1.7519531250 1.7724609375 1.7778320312 1.7766113281 0.9403409091 0.9453125000 0.9343750000 0.9403409091 0.9391540643
1.2949218750 1.7805175781 1.7548828125 1.7749023438 1.7805175781 1.7794189453 0.9417613636 0.9466145833 0.9359375000 0.9417613636 0.9405127599
1.2968750000 1.7832031250 1.7578125000 1.7773437500 1.7832031250 1.7822265625 0.9431818182 0.9479166667 0.9375000000 0.9431818182 0.9418714556
1.2988281250 1.7858886719 1.7607421875 1.7797851562 1.7858886719 1.7850341797 0.9446022727 0.9492187500 0.9390625000 0.9446022727 0.9432301512
1.3007812500 1.7885742188 1.7636718750 1.7822265625 1.7885742188 1.7878417969 0.9460227273 0.9505208333 0.9406250000 0.9460227273 0.9445888469
1.3027343750 1.7912597656 1.7666015625 1.7846679688 1.7912597656 1.7906494141 0.9474431818 0.9518229167 0.9421875000 0.9474431818 0.9459475425
1.3046875000 1.7939453125 1.7695312500 1.7871093750 1.7939453125 1.7934570312 0.9488636364 0.9531250000 0.9437500000 0.9488636364 0.9473062382
1.3066406250 1.7966308594 1.7724609375 1.7895507812 1.7966308594 1.7962646484 0.9502840909 0.9544270833 0.9453125000 0.9502840909 0.9486649338
1.3085937500 1.7993164062 1.7753906250 1.7919921875 1.7993164062 1.7990722656 0.9517045455 0.9557291667 0.9468750000 0.9517045455 0.9500236295
1.3105468750 1.8020019531 1.7783203125 1.7944335938 1.8020019531 1.8018798828 0.9531250000 0.9570312500 0.9484375000 0.9531250000 0.9513823251
1.3125000000 1.8046875000 1.7812500000 1.7968750000 1.8046875000 1.8046875000 0.9545454545 0.9583333333 0.9500000000 0.9545454545 0.9527410208
1.3144531250 1.8073730469 1.7841796875 1.7993164062 1.8073730469 1.8074951172 0.9559659091 0.9596354167 0.9515625000 0.9559659091 0.9540997164
1.3164062500 1.8100585938 1.7871093750 1.8017578125 1.8100585938 1.8103027344 0.9573863636 0.9609375000 0.9531250000 0.9573863636 0.9554584121
1.3183593750 1.8127441406 1.7900390625 1.8041992188 1.8127441406 1.8131103516 0.9588068182 0.9622395833 0.9546875000 0.9588068182 0.9568171078
1.3203125000 1.8154296875 1.7929687500 1.8066406250 1.8154296875 1.8159179688 0.9602272727 0.9635416667 0.9562500000 0.9602272727 0.9581758034
1.3222656250 1.8181152344 1.7958984375 1.8090820312 1.8181152344 1.8187255859 0.9616477273 0.9648437500 0.9578125000 0.9616477273 0.9595344991
1.3242187500 1.8208007812 1.7988281250 1.8115234375 1.8208007812 1.8215332031 0.9630681818 0.9661458333 0.9593750000 0.9630681818 0.9608931947
1.3261718750 1.8234863281 1.8017578125 1.8139648438 1.8234863281 1.8243408203 0.9644886364 0.9674479167 0.9609375000 0.9644886364 0.9622518904
1.3281250000 1.8261718750 1.8046875000 1.8164062500 1.8261718750 1.8271484375 0.9659090909 0.9687500000 0.9625000000 0.9659090909 0.9636105860
1.3300781250 1.8288574219 1.8076171875 1.8188476562 1.8288574219 1.8299560547 0.9673295455 0.9700520833 0.9640625000 0.9673295455 0.9649692817
1.3320312500 1.8315429688 1.8105468750 1.8212890625 1.8315429688 1.8327636719 0.9687500000 0.9713541667 0.9656250000 0.9687500000 0.9663279773
1.3339843750 1.8342285156 1.8134765625 1.8237304688 1.8342285156 1.8355712891 0.9701704545 0.9726562500 0.9671875000 0.9701704545 0.9676866730
1.3359375000 1.8369140625 1.8164062500 1.8261718750 1.8369140625 1.8383789062 0.9715909091 0.9739583333 0.9687500000 0.9715909091 0.9690453686
1.3378906250 1.8395996094 1.8193359375 1.8286132812 1.8395996094 1.8411865234 0.9730113636 0.9752604167 0.9703125000 0.9730113636 0.9704040643
1.3398437500 1.8422851562 1.8222656250 1.8310546875 1.8422851562 1.8439941406 0.9744318182 0.9765625000 0.9718750000 0.9744318182 0.9717627599
1.3417968750 1.8449707031 1.8251953125 1.8334960938 1.8449707031 1.8468017578 0.9758522727 0.9778645833 0.9734375000 0.9758522727 0.9731214556
1.3437500000 1.8476562500 1.8281250000 1.8359375000 1.8476562500 1.8496093750 0.9772727273 0.9791666667 0.9750000000 0.9772727273 0.9744801512
1.3457031250 1.8503417969 1.8310546875 1.8383789062 1.8503417969 1.8524169922 0.9786931818 0.9804687500 0.9765625000 0.9786931818 0.9758388469
1.3476562500 1.8530273438 1.8339843750 1.8408203125 1.8530273438 1.8552246094 0.9801136364 0.9817708333 0.9781250000 0.9801136364 0.9771975425
1.3496093750 1.8557128906 1.8369140625 1.8432617188 1.8557128906 1.8580322266 0.9815340909 0.9830729167 0.9796875000 0.9815340909 0.9785562382
1.3515625000 1.8583984375 1.8398437500 1.8457031250 1.8583984375 1.8608398438 0.9829545455 0.9843750000 0.9812500000 0.9829545455 0.9799149338
1.3535156250 1.8610839844 1.8427734375 1.8481445312 1.8610839844 1.8636474609 0.9843750000 0.9856770833 0.9828125000 0.9843750000 0.9812736295
1.3554687500 1.8637695312 1.8457031250 1.8505859375 1.8637695312 1.8664550781 0.9857954545 0.9869791667 0.9843750000 0.9857954545 0.9826323251
1.3574218750 1.8664550781 1.8486328125 1.8530273438 1.8664550781 1.8692626953 0.9872159091 0.9882812500 0.9859375000 0.9872159091 0.9839910208
1.3593750000 1.8691406250 1.8515625000 1.8554687500 1.8691406250 1.8720703125 0.9886363636 0.9895833333 0.9875000000 0.9886363636 0.9853497164
1.3613281250 1.8718261719 1.8544921875 1.8579101562 1.8718261719 1.8748779297 0.9900568182 0.9908854167 0.9890625000 0.9900568182 0.9867084121
1.3632812500 1.8745117188 1.8574218750 1.8603515625 1.8745117188 1.8776855469 0.9914772727 0.9921875000 0.9906250000 0.9914772727 0.9880671078
1.3652343750 1.8771972656 1.8603515625 1.8627929688 1.8771972656 1.8804931641 0.9928977273 0.9934895833 0.9921875000 0.9928977273 0.9894258034
1.3671875000 1.8798828125 1.8632812500 1.8652343750 1.8798828125 1.8833007812 0.9943181818 0.9947916667 0.9937500000 0.9943181818 0.9907844991
1.3691406250 1.8825683594 1.8662109375 1.8676757812 1.8825683594 1.8861083984 0.9957386364 0.9960937500 0.9953125000 0.9957386364 0.9921431947
1.3710937500 1.8852539062 1.8691406250 1.8701171875 1.8852539062 1.8889160156 0.9971590909 0.9973958333 0.9968750000 0.9971590909 0.9935018904
1.3730468750 1.8879394531 1.8720703125 1.8725585938 1.8879394531 1.8917236328 0.9985795455 0.9986979167 0.9984375000 0.9985795455 0.9948605860
1.3750000000 1.8906250000 1.8750000000 1.8750000000 1.8906250000 1.8867187500 1.0000000000 1.0000000000 1.0000000000 1.0000000000 1.0000000000
1.3769531250 1.8933105469 1.8779296875 1.8774414062 1.8933105469 1.8895263672 1.0014204545 1.0013020833 1.0015625000 1.0014204545 1.0013586957
1.3789062500 1.8959960938 1.8808593750 1.8798828125 1.8959960938 1.8923339844 1.0028409091 1.0026041667 1.0031250000 1.0028409091 1.0027173913
1.3808593750 1.8986816406 1.8837890625 1.8823242188 1.8986816406 1.8951416016 1.0042613636 1.0039062500 1.0046875000 1.0042613636 1.0040760870
1.3828125000 1.9013671875 1.8867187500 1.8847656250 1.9013671875 1.8979492188 1.0056818182 1.0052083333 1.0062500000 1.0056818182 1.0054347826
1.3847656250 1.9040527344 1.8896484375 1.8872070312 1.9040527344 1.9007568359 1.0071022727 1.0065104167 1.0078125000 1.0071022727 1.0067934783
1.3867187500 1.9067382812 1.8925781250 1.8896484375 1.9067382812 1.9035644531 1.0085227273 1.0078125000 1.0093750000 1.0085227273 1.0081521739
1.3886718750 1.9094238281 1.8955078125 1.8920898438 1.9094238281 1.9063720703 1.0099431818 1.0091145833 1.0109375000 1.0099431818 1.0095108696
1.3906250000 1.9121093750 1.8984375000 1.8945312500 1.9121093750 1.9091796875 1.0113636364 1.0104166667 1.0125000000 1.0113636364 1.0108695652
1.3925781250 1.9147949219 1.9013671875 1.8969726562 1.9147949219 1.9119873047 1.0127840909 1.0117187500 1.0140625000 1.0127840909 1.0122282609
1.3945312500 1.9174804688 1.9042968750 1.8994140625 1.9174804688 1.9147949219 1.0142045455 1.0130208333 1.0156250000 1.0142045455 1.0135869565
1.3964843750 1.9201660156 1.9072265625 1.9018554688 1.9201660156 1.9176025391 1.0156250000 1.0143229167 1.0171875000 1.0156250000 1.0149456522
1.3984375000 1.9228515625 1.9101562500 1.9042968750 1.9228515625 1.9204101562 1.0170454545 1.0156250000 1.0187500000 1.0170454545 1.0163043478
1.4003906250 1.9255371094 1.9130859375 1.9067382812 1.9255371094 1.9232177734 1.0184659091 1.0169270833 1.0203125000 1.0184659091 1.0176630435
1.4023437500 1.9282226562 1.9160156250 1.9091796875 1.9282226562 1.9260253906 1.0198863636 1.0182291667 1.0218750000 1.0198863636 1.0190217391
1.4042968750 1.9309082031 1.9189453125 1.9116210938 1.9309082031 1.9288330078 1.0213068182 1.0195312500 1.0234375000 1.0213068182 1.0203804348
1.4062500000 1.9335937500 1.9218750000 1.9140625000 1.9335937500 1.9316406250 1.0227272727 1.0208333333 1.0250000000 1.0227272727 1.0217391304
1.4082031250 1.9362792969 1.9248046875 1.9165039062 1.9362792969 1.9344482422 1.0241477273 1.0221354167 1.0265625000 1.0241477273 1.0230978261
1.4101562500 1.9389648438 1.9277343750 1.9189453125 1.9389648438 1.9372558594 1.0255681818 1.0234375000 1.0281250000 1.0255681818 1.0244565217
1.4121093750 1.9416503906 1.9306640625 1.9213867188 1.9416503906 1.9400634766 1.0269886364 1.0247395833 1.0296875000 1.0269886364 1.0258152174
1.4140625000 1.9443359375 1.9335937500 1.9238281250 1.9443359375 1.9428710938 1.0284090909 1.0260416667 1.0312500000 1.0284090909 1.0271739130
1.4160156250 1.9470214844 1.9365234375 1.9262695312 1.9470214844 1.9456787109 1.0298295455 1.0273437500 1.0328125000 1.0298295455 1.0285326087
1.4179687500 1.9497070312 1.9394531250 1.9287109375 1.9497070312 1.9484863281 1.0312500000 1.0286458333 1.0343750000 1.0312500000 1.0298913043
1.4199218750 1.9523925781 1.9423828125 1.9311523438 1.9523925781 1.9512939453 1.0326704545 1.0299479167 1.0359375000 1.0326704545 1.0312500000
1.4218750000 1.9550781250 1.9453125000 1.9335937500 1.9550781250 1.9541015625 1.0340909091 1.0312500000 1.0375000000 1.0340909091 1.0326086957
1.4238281250 1.9577636719 1.9482421875 1.9360351562 1.9577636719 1.9569091797 1.0355113636 1.0325520833 1.0390625000 1.0355113636 1.0339673913
1.4257812500 1.9604492188 1.9511718750 1.9384765625 1.9604492188 1.9597167969 1.0369318182 1.0338541667 1.0406250000 1.0369318182 1.0353260870
1.4277343750 1.9631347656 1.9541015625 1.9409179688 1.9631347656 1.9625244141 1.0383522727 1.0351562500 1.0421875000 1.0383522727 1.0366847826
1.4296875000 1.9658203125 1.9570312500 1.9433593750 1.9658203125 1.9653320312 1.0397727273 1.0364583333 1.0437500000 1.0397727273 1.0380434783
1.4316406250 1.9685058594 1.9599609375 1.9458007812 1.9685058594 1.9681396484 1.0411931818 1.0377604167 1.0453125000 1.0411931818 1.0394021739
1.4335937500 1.9711914062 1.9628906250 1.9482421875 1.9711914062 1.9709472656 1.0426136364 1.0390625000 1.0468750000 1.0426136364 1.0407608696
1.4355468750 1.9738769531 1.9658203125 1.9506835938 1.9738769531 1.9737548828 1.0440340909 1.0403645833 1.0484375000 1.0440340909 1.0421195652
1.4375000000 1.9765625000 1.9687500000 1.9531250000 1.9765625000 1.9765625000 1.0454545455 1.0416666667 1.0500000000 1.0454545455 1.0434782609
1.4394531250 1.9792480469 1.9716796875 1.9555664062 1.9792480469 1.9793701172 1.0468750000 1.0429687500 1.0515625000 1.0468750000 1.0448369565
1.4414062500 1.9819335938 1.9746093750 1.9580078125 1.9819335938 1.9821777344 1.0482954545 1.0442708333 1.0531250000 1.0482954545 1.0461956522
1.4433593750 1.9846191406 1.9775390625 1.9604492188 1.9846191406 1.9849853516 1.0497159091 1.0455729167 1.0546875000 1.0497159091 1.0475543478
1.4453125000 1.9873046875 1.9804687500 1.9628906250 1.9873046875 1.9877929688 1.0511363636 1.0468750000 1.0562500000 1.0511363636 1.0489130435
1.4472656250 1.9899902344 1.9833984375 1.9653320312 1.9899902344 1.9906005859 1.0525568182 1.0481770833 1.0578125000 1.0525568182 1.0502717391
1.4492187500 1.9926757812 1.9863281250 1.9677734375 1.9926757812 1.9934082031 1.0539772727 1.0494791667 1.0593750000 1.0539772727 1.0516304348
1.4511718750 1.9953613281 1.9892578125 1.9702148438 1.9953613281 1.9962158203 1.0553977273 1.0507812500 1.0609375000 1.0553977273 1.0529891304
1.4531250000 1.9980468750 1.9921875000 1.9726562500 1.9980468750 1.9990234375 1.0568181818 1.0520833333 1.0625000000 1.0568181818 1.0543478261
1.4550781250 2.0007324219 1.9951171875 1.9750976562 2.0007324219 2.0018310547 1.0582386364 1.0533854167 1.0640625000 1.0582386364 1.0557065217
1.4570312500 2.0034179688 1.9980468750 1.9775390625 2.0034179688 2.0046386719 1.0596590909 1.0546875000 1.0656250000 1.0596590909 1.0570652174
1.4589843750 2.0061035156 2.0009765625 1.9799804688 2.0061035156 2.0074462891 1.0610795455 1.0559895833 1.0671875000 1.0610795455 1.0584239130
1.4609375000 2.0087890625 2.0039062500 1.9824218750 2.0087890625 2.0102539062 1.0625000000 1.0572916667 1.0687500000 1.0625000000 1.0597826087
1.4628906250 2.0114746094 2.0068359375 1.9848632812 2.0114746094 2.0130615234 1.0639204545 1.0585937500 1.0703125000 1.0639204545 1.0611413043
1.4648437500 2.0141601562 2.0097656250 1.9873046875 2.0141601562 2.0158691406 1.0653409091 1.0598958333 1.0718750000 1.0653409091 1.0625000000
1.4667968750 2.0168457031 2.0126953125 1.9897460938 2.0168457031 2.0186767578 1.0667613636 1.0611979167 1.0734375000 1.0667613636 1.0638586957
1.4687500000 2.0195312500 2.0156250000 1.9921875000 2.0195312500 2.0214843750 1.0681818182 1.0625000000 1.0750000000 1.0681818182 1.0652173913
1.4707031250 2.0222167969 2.0185546875 1.9946289062 2.0222167969 2.0242919922 1.0696022727 1.0638020833 1.0765625000 1.0696022727 1.0665760870
1.4726562500 2.0249023438 2.0214843750 1.9970703125 2.0249023438 2.0270996094 1.0710227273 1.0651041667 1.0781250000 1.0710227273 1.0679347826
1.4746093750 2.0275878906 2.0244140625 1.9995117188 2.0275878906 2.0299072266 1.0724431818 1.0664062500 1.0796875000 1.0724431818 1.0692934783
1.4765625000 2.0302734375 2.0273437500 2.0019531250 2.0302734375 2.0327148438 1.0738636364 1.0677083333 1.0812500000 1.0738636364 1.0706521739
1.4785156250 2.0329589844 2.0302734375 2.0043945312 2.0329589844 2.0355224609 1.0752840909 1.0690104167 1.0828125000 1.0752840909 1.0720108696
1.4804687500 2.0356445312 2.0332031250 2.0068359375 2.0356445312 2.0383300781 1.0767045455 1.0703125000 1.0843750000 1.0767045455 1.0733695652
1.4824218750 2.0383300781 2.0361328125 2.0092773438 2.0383300781 2.0411376953 1.0781250000 1.0716145833 1.0859375000 1.0781250000 1.0747282609
1.4843750000 2.0410156250 2.0390625000 2.0117187500 2.0410156250 2.0439453125 1.0795454545 1.0729166667 1.0875000000 1.0795454545 1.0760869565
1.4863281250 2.0437011719 2.0419921875 2.0141601562 2.0437011719 2.0467529297 1.0809659091 1.0742187500 1.0890625000 1.0809659091 1.0774456522
1.4882812500 2.0463867188 2.0449218750 2.0166015625 2.0463867188 2.0495605469 1.0823863636 1.0755208333 1.0906250000 1.0823863636 1.0788043478
1.4902343750 2.0490722656 2.0478515625 2.0190429688 2.0490722656 2.0523681641 1.0838068182 1.0768229167 1.0921875000 1.0838068182 1.0801630435
1.4921875000 2.0517578125 2.0507812500 2.0214843750 2.0517578125 2.0551757812 1.0852272727 1.0781250000 1.0937500000 1.0852272727 1.0815217391
1.4941406250 2.0544433594 2.0537109375 2.0239257812 2.0544433594 2.0579833984 1.0866477273 1.0794270833 1.0953125000 1.0866477273 1.0828804348
1.4960937500 2.0571289062 2.0566406250 2.0263671875 2.0571289062 2.0607910156 1.0880681818 1.0807291667 1.0968750000 1.0880681818 1.0842391304
1.4980468750 2.0598144531 2.0595703125 2.0288085938 2.0598144531 2.0635986328 1.0894886364 1.0820312500 1.0984375000 1.0894886364 1.0855978261
1.5000000000 2.0625000000 2.0625000000 2.0937500000 2.0625000000 2.0585937500 1.0909090909 1.0833333333 1.0600000000 1.0909090909 1.0907372401
1.5019531250 2.0651855469 2.0654296875 2.0961914062 2.0651855469 2.0614013672 1.0923295455 1.0846354167 1.0615625000 1.0923295455 1.0920959357
1.5039062500 2.0678710938 2.0683593750 2.0986328125 2.0678710938 2.0642089844 1.0937500000 1.0859375000 1.0631250000 1.0937500000 1.0934546314
1.5058593750 2.0705566406 2.0712890625 2.1010742188 2.0705566406 2.0670166016 1.0951704545 1.0872395833 1.0646875000 1.0951704545 1.0948133270
1.5078125000 2.0732421875 2.0742187500 2.1035156250 2.0732421875 2.0698242188 1.0965909091 1.0885416667 1.0662500000 1.0965909091 1.0961720227
1.5097656250 2.0759277344 2.0771484375 2.1059570312 2.0759277344 2.0726318359 1.0980113636 1.0898437500 1.0678125000 1.0980113636 1.0975307183
1.5117187500 2.0786132812 2.0800781250 2.1083984375 2.0786132812 2.0754394531 1.0994318182 1.0911458333 1.0693750000 1.0994318182 1.0988894140
1.5136718750 2.0812988281 2.0830078125 2.1108398438 2.0812988281 2.0782470703 1.1008522727 1.0924479167 1.0709375000 1.1008522727 1.1002481096
1.5156250000 2.0839843750 2.0859375000 2.1132812500 2.0839843750 2.0810546875 1.1022727273 1.0937500000 1.0725000000 1.1022727273 1.1016068053
1.5175781250 2.0866699219 2.0888671875 2.1157226562 2.0866699219 2.0838623047 1.1036931818 1.0950520833 1.0740625000 1.1036931818 1.1029655009
1.5195312500 2.0893554688 2.0917968750 2.1181640625 2.0893554688 2.0866699219 1.1051136364 1.0963541667 1.0756250000 1.1051136364 1.1043241966
1.5214843750 2.0920410156 2.0947265625 2.1206054688 2.0920410156 2.0894775391 1.1065340909 1.0976562500 1.0771875000 1.1065340909 1.1056828922
1.5234375000 2.0947265625 2.0976562500 2.1230468750 2.0947265625 2.0922851562 1.1079545455 1.0989583333 1.0787500000 1.1079545455 1.1070415879
1.5253906250 2.0974121094 2.1005859375 2.1254882812 2.0974121094 2.0950927734 1.1093750000 1.1002604167 1.0803125000 1.1093750000 1.1084002836
1.5273437500 2.1000976562 2.1035156250 2.1279296875 2.1000976562 2.0979003906 1.1107954545 1.1015625000 1.0818750000 1.1107954545 1.1097589792
1.5292968750 2.1027832031 2.1064453125 2.1303710938 2.1027832031 2.1007080078 1.1122159091 1.1028645833 1.0834375000 1.1122159091 1.1111176749
1.5312500000 2.1054687500 2.1093750000 2.1328125000 2.1054687500 2.1035156250 1.1136363636 1.1041666667 1.0850000000 1.1136363636 1.1124763705
1.5332031250 2.1081542969 2.1123046875 2.1352539062 2.1081542969 2.1063232422 1.1150568182 1.1054687500 1.0865625000 1.1150568182 1.1138350662
1.5351562500 2.1108398438 2.1152343750 2.1376953125 2.1108398438 2.1091308594 1.1164772727 1.1067708333 1.0881250000 1.1164772727 1.1151937618
1.5371093750 2.1135253906 2.1181640625 2.1401367188 2.1135253906 2.1119384766 1.1178977273 1.1080729167 1.0896875000 1.1178977273 1.1165524575
1.5390625000 2.1162109375 2.1210937500 2.1425781250 2.1162109375 2.1147460938 1.1193181818 1.1093750000 1.0912500000 1.1193181818 1.1179111531
1.5410156250 2.1188964844 2.1240234375 2.1450195312 2.1188964844 2.1175537109 1.1207386364 1.1106770833 1.0928125000 1.1207386364 1.1192698488
1.5429687500 2.1215820312 2.1269531250 2.1474609375 2.1215820312 2.1203613281 1.1221590909 1.1119791667 1.0943750000 1.1221590909 1.1206285444
1.5449218750 2.1242675781 2.1298828125 2.1499023438 2.1242675781 2.1231689453 1.1235795455 1.1132812500 1.0959375000 1.1235795455 1.1219872401
1.5468750000 2.1269531250 2.1328125000 2.1523437500 2.1269531250 2.1259765625 1.1250000000 1.1145833333 1.0975000000 1.1250000000 1.1233459357
1.5488281250 2.1296386719 2.1357421875 2.1547851562 2.1296386719 2.1287841797 1.1264204545 1.1158854167 1.0990625000 1.1264204545 1.1247046314
1.5507812500 2.1323242188 2.1386718750 2.1572265625 2.1323242188 2.1315917969 1.1278409091 1.1171875000 1.1006250000 1.1278409091 1.1260633270
1.5527343750 2.1350097656 2.1416015625 2.1596679688 2.1350097656 2.1343994141 1.1292613636 1.1184895833 1.1021875000 1.1292613636 1.1274220227
1.5546875000 2.1376953125 2.1445312500 2.1621093750 2.1376953125 2.1372070312 1.1306818182 1.1197916667 1.1037500000 1.1306818182 1.1287807183
1.5566406250 2.1403808594 2.1474609375 2.1645507812 2.1403808594 2.1400146484 1.1321022727 1.1210937500 1.1053125000 1.1321022727 1.1301394140
1.5585937500 2.1430664062 2.1503906250 2.1669921875 2.1430664062 2.1428222656 1.1335227273 1.1223958333 1.1068750000 1.1335227273 1.1314981096
1.5605468750 2.1457519531 2.1533203125 2.1694335938 2.1457519531 2.1456298828 1.1349431818 1.1236979167 1.1084375000 1.1349431818 1.1328568053
1.5625000000 2.1484375000 2.1562500000 2.1718750000 2.1484375000 2.1484375000 1.1363636364 1.1250000000 1.1100000000 1.1363636364 1.1342155009
1.5644531250 2.1511230469 2.1591796875 2.1743164062 2.1511230469 2.1512451172 1.1377840909 1.1263020833 1.1115625000 1.1377840909 1.1355741966
1.5664062500 2.1538085938 2.1621093750 2.1767578125 2.1538085938 2.1540527344 1.1392045455 1.1276041667 1.1131250000 1.1392045455 1.1369328922
1.5683593750 2.1564941406 2.1650390625 2.1791992188 2.1564941406 2.1568603516 1.1406250000 1.1289062500 1.1146875000 1.1406250000 1.1382915879
1.5703125000 2.1591796875 2.1679687500 2.1816406250 2.1591796875 2.1596679688 1.1420454545 1.1302083333 1.1162500000 1.1420454545 1.1396502836
1.5722656250 2.1618652344 2.1708984375 2.1840820312 2.1618652344 2.1624755859 1.1434659091 1.1315104167 1.1178125000 1.1434659091 1.1410089792
1.5742187500 2.1645507812 2.1738281250 2.1865234375 2.1645507812 2.1652832031 1.1448863636 1.1328125000 1.1193750000 1.1448863636 1.1423676749
1.5761718750 2.1672363281 2.1767578125 2.1889648438 2.1672363281 2.1680908203 1.1463068182 1.1341145833 1.1209375000 1.1463068182 1.1437263705
1.5781250000 2.1699218750 2.1796875000 2.1914062500 2.1699218750 2.1708984375 1.1477272727 1.1354166667 1.1225000000 1.1477272727 1.1450850662
1.5800781250 2.1726074219 2.1826171875 2.1938476562 2.1726074219 2.1737060547 1.1491477273 1.1367187500 1.1240625000 1.1491477273 1.1464437618
1.5820312500 2.1752929688 2.1855468750 2.1962890625 2.1752929688 2.1765136719 1.1505681818 1.1380208333 1.1256250000 1.1505681818 1.1478024575
1.5839843750 2.1779785156 2.1884765625 2.1987304688 2.1779785156 2.1793212891 1.1519886364 1.1393229167 1.1271875000 1.1519886364 1.1491611531
1.5859375000 2.1806640625 2.1914062500 2.2011718750 2.1806640625 2.1821289062 1.1534090909 1.1406250000 1.1287500000 1.1534090909 1.1505198488
1.5878906250 2.1833496094 2.1943359375 2.2036132812 2.1833496094 2.1849365234 1.1548295455 1.1419270833 1.1303125000 1.1548295455 1.1518785444
1.5898437500 2.1860351562 2.1972656250 2.2060546875 2.1860351562 2.1877441406 1.1562500000 1.1432291667 1.1318750000 1.1562500000 1.1532372401
1.5917968750 2.1887207031 2.2001953125 2.2084960938 2.1887207031 2.1905517578 1.1576704545 1.1445312500 1.1334375000 1.1576704545 1.1545959357
1.5937500000 2.1914062500 2.2031250000 2.2109375000 2.1914062500 2.1933593750 1.1590909091 1.1458333333 1.1350000000 1.1590909091 1.1559546314
1.5957031250 2.1940917969 2.2060546875 2.2133789062 2.1940917969 2.1961669922 1.1605113636 1.1471354167 1.1365625000 1.1605113636 1.1573133270
1.5976562500 2.1967773438 2.2089843750 2.2158203125 2.1967773438 2.1989746094 1.1619318182 1.1484375000 1.1381250000 1.1619318182 1.1586720227
1.5996093750 2.1994628906 2.2119140625 2.2182617188 2.1994628906 2.2017822266 1.1633522727 1.1497395833 1.1396875000 1.1633522727 1.1600307183
1.6015625000 2.2021484375 2.2148437500 2.2207031250 2.2021484375 2.2045898438 1.1647727273 1.1510416667 1.1412500000 1.1647727273 1.1613894140
1.6035156250 2.2048339844 2.2177734375 2.2231445312 2.2048339844 2.2073974609 1.1661931818 1.1523437500 1.1428125000 1.1661931818 1.1627481096
1.6054687500 2.2075195312 2.2207031250 2.2255859375 2.2075195312 2.2102050781 1.1676136364 1.1536458333 1.1443750000 1.1676136364 1.1641068053
1.6074218750 2.2102050781 2.2236328125 2.2280273438 2.2102050781 2.2130126953 1.1690340909 1.1549479167 1.1459375000 1.1690340909 1.1654655009
1.6093750000 2.2128906250 2.2265625000 2.2304687500 2.2128906250 2.2158203125 1.1704545455 1.1562500000 1.1475000000 1.1704545455 1.1668241966
1.6113281250 2.2155761719 2.2294921875 2.2329101562 2.2155761719 2.2186279297 1.1718750000 1.1575520833 1.1490625000 1.1718750000 1.1681828922
1.6132812500 2.2182617188 2.2324218750 2.2353515625 2.2182617188 2.2214355469 1.1732954545 1.1588541667 1.1506250000 1.1732954545 1.1695415879
1.6152343750 2.2209472656 2.2353515625 2.2377929688 2.2209472656 2.2242431641 1.1747159091 1.1601562500 1.1521875000 1.1747159091 1.1709002836
1.6171875000 2.2236328125 2.2382812500 2.2402343750 2.2236328125 2.2270507812 1.1761363636 1.1614583333 1.1537500000 1.1761363636 1.1722589792
1.6191406250 2.2263183594 2.2412109375 2.2426757812 2.2263183594 2.2298583984 1.1775568182 1.1627604167 1.1553125000 1.1775568182 1.1736176749
1.6210937500 2.2290039062 2.2441406250 2.2451171875 2.2290039062 2.2326660156 1.1789772727 1.1640625000 1.1568750000 1.1789772727 1.1749763705
1.6230468750 2.2316894531 2.2470703125 2.2475585938 2.2316894531 2.2354736328 1.1803977273 1.1653645833 1.1584375000 1.1803977273 1.1763350662
1.6250000000 2.2343750000 2.2500000000 2.2500000000 2.2343750000 2.2304687500 1.1818181818 1.1666666667 1.1600000000 1.1818181818 1.1814744802
1.6269531250 2.2370605469 2.2529296875 2.2524414062 2.2370605469 2.2332763672 1.1832386364 1.1679687500 1.1615625000 1.1832386364 1.1828331758
1.6289062500 2.2397460938 2.2558593750 2.2548828125 2.2397460938 2.2360839844 1.1846590909 1.1692708333 1.1631250000 1.1846590909 1.1841918715
1.6308593750 2.2424316406 2.2587890625 2.2573242188 2.2424316406 2.2388916016 1.1860795455 1.1705729167 1.1646875000 1.1860795455 1.1855505671
1.6328125000 2.2451171875 2.2617187500 2.2597656250 2.2451171875 2.2416992188 1.1875000000 1.1718750000 1.1662500000 1.1875000000 1.1869092628
1.6347656250 2.2478027344 2.2646484375 2.2622070312 2.2478027344 2.2445068359 1.1889204545 1.1731770833 1.1678125000 1.1889204545 1.1882679584
1.6367187500 2.2504882812 2.2675781250 2.2646484375 2.2504882812 2.2473144531 1.1903409091 1.1744791667 1.1693750000 1.1903409091 1.1896266541
1.6386718750 2.2531738281 2.2705078125 2.2670898438 2.2531738281 2.2501220703 1.1917613636 1.1757812500 1.1709375000 1.1917613636 1.1909853497
1.6406250000 2.2558593750 2.2734375000 2.2695312500 2.2558593750 2.2529296875 1.1931818182 1.1770833333 1.1725000000 1.1931818182 1.1923440454
1.6425781250 2.2585449219 2.2763671875 2.2719726562 2.2585449219 2.2557373047 1.1946022727 1.1783854167 1.1740625000 1.1946022727 1.1937027410
1.6445312500 2.2612304688 2.2792968750 2.2744140625 2.2612304688 2.2585449219 1.1960227273 1.1796875000 1.1756250000 1.1960227273 1.1950614367
1.6464843750 2.2639160156 2.2822265625 2.2768554688 2.2639160156 2.2613525391 1.1974431818 1.1809895833 1.1771875000 1.1974431818 1.1964201323
1.6484375000 2.2666015625 2.2851562500 2.2792968750 2.2666015625 2.2641601562 1.1988636364 1.1822916667 1.1787500000 1.1988636364 1.1977788280
1.6503906250 2.2692871094 2.2880859375 2.2817382812 2.2692871094 2.2669677734 1.2002840909 1.1835937500 1.1803125000 1.2002840909 1.1991375236
1.6523437500 2.2719726562 2.2910156250 2.2841796875 2.2719726562 2.2697753906 1.2017045455 1.1848958333 1.1818750000 1.2017045455 1.2004962193
1.6542968750 2.2746582031 2.2939453125 2.2866210938 2.2746582031 2.2725830078 1.2031250000 1.1861979167 1.1834375000 1.2031250000 1.2018549149
1.6562500000 2.2773437500 2.2968750000 2.2890625000 2.2773437500 2.2753906250 1.2045454545 1.1875000000 1.1850000000 1.2045454545 1.2032136106
1.6582031250 2.2800292969 2.2998046875 2.2915039062 2.2800292969 2.2781982422 1.2059659091 1.1888020833 1.1865625000 1.2059659091 1.2045723062
1.6601562500 2.2827148438 2.3027343750 2.2939453125 2.2827148438 2.2810058594 1.2073863636 1.1901041667 1.1881250000 1.2073863636 1.2059310019
1.6621093750 2.2854003906 2.3056640625 2.2963867188 2.2854003906 2.2838134766 1.2088068182 1.1914062500 1.1896875000 1.2088068182 1.2072896975
1.6640625000 2.2880859375 2.3085937500 2.2988281250 2.2880859375 2.2866210938 1.2102272727 1.1927083333 1.1912500000 1.2102272727 1.2086483932
1.6660156250 2.2907714844 2.3115234375 2.3012695312 2.2907714844 2.2894287109 1.2116477273 1.1940104167 1.1928125000 1.2116477273 1.2100070888
1.6679687500 2.2934570312 2.3144531250 2.3037109375 2.2934570312 2.2922363281 1.2130681818 1.1953125000 1.1943750000 1.2130681818 1.2113657845
1.6699218750 2.2961425781 2.3173828125 2.3061523438 2.2961425781 2.2950439453 1.2144886364 1.1966145833 1.1959375000 1.2144886364 1.2127244802
1.6718750000 2.2988281250 2.3203125000 2.3085937500 2.2988281250 2.2978515625 1.2159090909 1.1979166667 1.1975000000 1.2159090909 1.2140831758
1.6738281250 2.3015136719 2.3232421875 2.3110351562 2.3015136719 2.3006591797 1.2173295455 1.1992187500 1.1990625000 1.2173295455 1.2154418715
1.6757812500 2.3041992188 2.3261718750 2.3134765625 2.3041992188 2.3034667969 1.2187500000 1.2005208333 1.2006250000 1.2187500000 1.2168005671
1.6777343750 2.3068847656 2.3291015625 2.3159179688 2.3068847656 2.3062744141 1.2201704545 1.2018229167 1.2021875000 1.2201704545 1.2181592628
1.6796875000 2.3095703125 2.3320312500 2.3183593750 2.3095703125 2.3090820312 1.2215909091 1.2031250000 1.2037500000 1.2215909091 1.2195179584
1.6816406250 2.3122558594 2.3349609375 2.3208007812 2.3122558594 2.3118896484 1.2230113636 1.2044270833 1.2053125000 1.2230113636 1.2208766541
1.6835937500 2.3149414062 2.3378906250 2.3232421875 2.3149414062 2.3146972656 1.2244318182 1.2057291667 1.2068750000 1.2244318182 1.2222353497
1.6855468750 2.3176269531 2.3408203125 2.3256835938 2.3176269531 2.3175048828 1.2258522727 1.2070312500 1.2084375000 1.2258522727 1.2235940454
1.6875000000 2.3203125000 2.3437500000 2.3281250000 2.3203125000 2.3203125000 1.2272727273 1.2083333333 1.2100000000 1.2272727273 1.2249527410
1.6894531250 2.3229980469 2.3466796875 2.3305664062 2.3229980469 2.3231201172 1.2286931818 1.2096354167 1.2115625000 1.2286931818 1.2263114367
1.6914062500 2.3256835938 2.3496093750 2.3330078125 2.3256835938 2.3259277344 1.2301136364 1.2109375000 1.2131250000 1.2301136364 1.2276701323
1.6933593750 2.3283691406 2.3525390625 2.3354492188 2.3283691406 2.3287353516 1.2315340909 1.2122395833 1.2146875000 1.2315340909 1.2290288280
1.6953125000 2.3310546875 2.3554687500 2.3378906250 2.3310546875 2.3315429688 1.2329545455 1.2135416667 1.2162500000 1.2329545455 1.2303875236
1.6972656250 2.3337402344 2.3583984375 2.3403320312 2.3337402344 2.3343505859 1.2343750000 1.2148437500 1.2178125000 1.2343750000 1.2317462193
1.6992187500 2.3364257812 2.3613281250 2.3427734375 2.3364257812 2.3371582031 1.2357954545 1.2161458333 1.2193750000 1.2357954545 1.2331049149
1.7011718750 2.3391113281 2.3642578125 2.3452148438 2.3391113281 2.3399658203 1.2372159091 1.2174479167 1.2209375000 1.2372159091 1.2344636106
1.7031250000 2.3417968750 2.3671875000 2.3476562500 2.3417968750 2.3427734375 1.2386363636 1.2187500000 1.2225000000 1.2386363636 1.2358223062
1.7050781250 2.3444824219 2.3701171875 2.3500976562 2.3444824219 2.3455810547 1.2400568182 1.2200520833 1.2240625000 1.2400568182 1.2371810019
1.7070312500 2.3471679688 2.3730468750 2.3525390625 2.3471679688 2.3483886719 1.2414772727 1.2213541667 1.2256250000 1.2414772727 1.2385396975
1.7089843750 2.3498535156 2.3759765625 2.3549804688 2.3498535156 2.3511962891 1.2428977273 1.2226562500 1.2271875000 1.2428977273 1.2398983932
1.7109375000 2.3525390625 2.3789062500 2.3574218750 2.3525390625 2.3540039062 1.2443181818 1.2239583333 1.2287500000 1.2443181818 1.2412570888
1.7128906250 2.3552246094 2.3818359375 2.3598632812 2.3552246094 2.3568115234 1.2457386364 1.2252604167 1.2303125000 1.2457386364 1.2426157845
1.7148437500 2.3579101562 2.3847656250 2.3623046875 2.3579101562 2.3596191406 1.2471590909 1.2265625000 1.2318750000 1.2471590909 1.2439744802
1.7167968750 2.3605957031 2.3876953125 2.3647460938 2.3605957031 2.3624267578 1.2485795455 1.2278645833 1.2334375000 1.2485795455 1.2453331758
1.7187500000 2.3632812500 2.3906250000 2.3671875000 2.3632812500 2.3652343750 1.2500000000 1.2291666667 1.2350000000 1.2500000000 1.2466918715
1.7207031250 2.3659667969 2.3935546875 2.3696289062 2.3659667969 2.3680419922 1.2514204545 1.2304687500 1.2365625000 1.2514204545 1.2480505671
1.7226562500 2.3686523438 2.3964843750 2.3720703125 2.3686523438 2.3708496094 1.2528409091 1.2317708333 1.2381250000 1.2528409091 1.2494092628
1.7246093750 2.3713378906 2.3994140625 2.3745117188 2.3713378906 2.3736572266 1.2542613636 1.2330729167 1.2396875000 1.2542613636 1.2507679584
1.7265625000 2.3740234375 2.4023437500 2.3769531250 2.3740234375 2.3764648438 1.2556818182 1.2343750000 1.2412500000 1.2556818182 1.2521266541
1.7285156250 2.3767089844 2.4052734375 2.3793945312 2.3767089844 2.3792724609 1.2571022727 1.2356770833 1.2428125000 1.2571022727 1.2534853497
1.7304687500 2.3793945312 2.4082031250 2.3818359375 2.3793945312 2.3820800781 1.2585227273 1.2369791667 1.2443750000 1.2585227273 1.2548440454
1.7324218750 2.3820800781 2.4111328125 2.3842773438 2.3820800781 2.3848876953 1.2599431818 1.2382812500 1.2459375000 1.2599431818 1.2562027410
1.7343750000 2.3847656250 2.4140625000 2.3867187500 2.3847656250 2.3876953125 1.2613636364 1.2395833333 1.2475000000 1.2613636364 1.2575614367
1.7363281250 2.3874511719 2.4169921875 2.3891601562 2.3874511719 2.3905029297 1.2627840909 1.2408854167 1.2490625000 1.2627840909 1.2589201323
1.7382812500 2.3901367188 2.4199218750 2.3916015625 2.3901367188 2.3933105469 1.2642045455 1.2421875000 1.2506250000 1.2642045455 1.2602788280
1.7402343750 2.3928222656 2.4228515625 2.3940429688 2.3928222656 2.3961181641 1.2656250000 1.2434895833 1.2521875000 1.2656250000 1.2616375236
1.7421875000 2.3955078125 2.4257812500 2.3964843750 2.3955078125 2.3989257812 1.2670454545 1.2447916667 1.2537500000 1.2670454545 1.2629962193
1.7441406250 2.3981933594 2.4287109375 2.3989257812 2.3981933594 2.4017333984 1.2684659091 1.2460937500 1.2553125000 1.2684659091 1.2643549149
1.7460937500 2.4008789062 2.4316406250 2.4013671875 2.4008789062 2.4045410156 1.2698863636 1.2473958333 1.2568750000 1.2698863636 1.2657136106
1.7480468750 2.4035644531 2.4345703125 2.4038085938 2.4035644531 2.4073486328 1.2713068182 1.2486979167 1.2584375000 1.2713068182 1.2670723062
1.7500000000 2.4062500000 2.4375000000 2.4062500000 2.4062500000 2.4023437500 1.2727272727 1.2500000000 1.2600000000 1.2727272727 1.2722117202
1.7519531250 2.4089355469 2.4404296875 2.4086914062 2.4089355469 2.4051513672 1.2741477273 1.2513020833 1.2615625000 1.2741477273 1.2735704159
1.7539062500 2.4116210938 2.4433593750 2.4111328125 2.4116210938 2.4079589844 1.2755681818 1.2526041667 1.2631250000 1.2755681818 1.2749291115
1.7558593750 2.4143066406 2.4462890625 2.4135742188 2.4143066406 2.4107666016 1.2769886364 1.2539062500 1.2646875000 1.2769886364 1.2762878072
1.7578125000 2.4169921875 2.4492187500 2.4160156250 2.4169921875 2.4135742188 1.2784090909 1.2552083333 1.2662500000 1.2784090909 1.2776465028
1.7597656250 2.4196777344 2.4521484375 2.4184570312 2.4196777344 2.4163818359 1.2798295455 1.2565104167 1.2678125000 1.2798295455 1.2790051985
1.7617187500 2.4223632812 2.4550781250 2.4208984375 2.4223632812 2.4191894531 1.2812500000 1.2578125000 1.2693750000 1.2812500000 1.2803638941
1.7636718750 2.4250488281 2.4580078125 2.4233398438 2.4250488281 2.4219970703 1.2826704545 1.2591145833 1.2709375000 1.2826704545 1.2817225898
1.7656250000 2.4277343750 2.4609375000 2.4257812500 2.4277343750 2.4248046875 1.2840909091 1.2604166667 1.2725000000 1.2840909091 1.2830812854
1.7675781250 2.4304199219 2.4638671875 2.4282226562 2.4304199219 2.4276123047 1.2855113636 1.2617187500 1.2740625000 1.2855113636 1.2844399811
1.7695312500 2.4331054688 2.4667968750 2.4306640625 2.4331054688 2.4304199219 1.2869318182 1.2630208333 1.2756250000 1.2869318182 1.2857986767
1.7714843750 2.4357910156 2.4697265625 2.4331054688 2.4357910156 2.4332275391 1.2883522727 1.2643229167 1.2771875000 1.2883522727 1.2871573724
1.7734375000 2.4384765625 2.4726562500 2.4355468750 2.4384765625 2.4360351562 1.2897727273 1.2656250000 1.2787500000 1.2897727273 1.2885160681
1.7753906250 2.4411621094 2.4755859375 2.4379882812 2.4411621094 2.4388427734 1.2911931818 1.2669270833 1.2803125000 1.2911931818 1.2898747637
1.7773437500 2.4438476562 2.4785156250 2.4404296875 2.4438476562 2.4416503906 1.2926136364 1.2682291667 1.2818750000 1.2926136364 1.2912334594
1.7792968750 2.4465332031 2.4814453125 2.4428710938 2.4465332031 2.4444580078 1.2940340909 1.2695312500 1.2834375000 1.2940340909 1.2925921550
1.7812500000 2.4492187500 2.4843750000 2.4453125000 2.4492187500 2.4472656250 1.2954545455 1.2708333333 1.2850000000 1.2954545455 1.2939508507
1.7832031250 2.4519042969 2.4873046875 2.4477539062 2.4519042969 2.4500732422 1.2968750000 1.2721354167 1.2865625000 1.2968750000 1.2953095463
1.7851562500 2.4545898438 2.4902343750 2.4501953125 2.4545898438 2.4528808594 1.2982954545 1.2734375000 1.2881250000 1.2982954545 1.2966682420
1.7871093750 2.4572753906 2.4931640625 2.4526367188 2.4572753906 2.4556884766 1.2997159091 1.2747395833 1.2896875000 1.2997159091 1.2980269376
1.7890625000 2.4599609375 2.4960937500 2.4550781250 2.4599609375 2.4584960938 1.3011363636 1.2760416667 1.2912500000 1.3011363636 1.2993856333
1.7910156250 2.4626464844 2.4990234375 2.4575195312 2.4626464844 2.4613037109 1.3025568182 1.2773437500 1.2928125000 1.3025568182 1.3007443289
1.7929687500 2.4653320312 2.5019531250 2.4599609375 2.4653320312 2.4641113281 1.3039772727 1.2786458333 1.2943750000 1.3039772727 1.3021030246
1.7949218750 2.4680175781 2.5048828125 2.4624023438 2.4680175781 2.4669189453 1.3053977273 1.2799479167 1.2959375000 1.3053977273 1.3034617202
1.7968750000 2.4707031250 2.5078125000 2.4648437500 2.4707031250 2.4697265625 1.3068181818 1.2812500000 1.2975000000 1.3068181818 1.3048204159
1.7988281250 2.4733886719 2.5107421875 2.4672851562 2.4733886719 2.4725341797 1.3082386364 1.2825520833 1.2990625000 1.3082386364 1.3061791115
1.8007812500 2.4760742188 2.5136718750 2.4697265625 2.4760742188 2.4753417969 1.3096590909 1.2838541667 1.3006250000 1.3096590909 1.3075378072
1.8027343750 2.4787597656 2.5166015625 2.4721679688 2.4787597656 2.4781494141 1.3110795455 1.2851562500 1.3021875000 1.3110795455 1.3088965028
1.8046875000 2.4814453125 2.5195312500 2.4746093750 2.4814453125 2.4809570312 1.3125000000 1.2864583333 1.3037500000 1.3125000000 1.3102551985
1.8066406250 2.4841308594 2.5224609375 2.4770507812 2.4841308594 2.4837646484 1.3139204545 1.2877604167 1.3053125000 1.3139204545 1.3116138941
1.8085937500 2.4868164062 2.5253906250 2.4794921875 2.4868164062 2.4865722656 1.3153409091 1.2890625000 1.3068750000 1.3153409091 1.3129725898
1.8105468750 2.4895019531 2.5283203125 2.4819335938 2.4895019531 2.4893798828 1.3167613636 1.2903645833 1.3084375000 1.3167613636 1.3143312854
1.8125000000 2.4921875000 2.5312500000 2.4843750000 2.4921875000 2.4921875000 1.3181818182 1.2916666667 1.3100000000 1.3181818182 1.3156899811
1.8144531250 2.4948730469 2.5341796875 2.4868164062 2.4948730469 2.4949951172 1.3196022727 1.2929687500 1.3115625000 1.3196022727 1.3170486767
1.8164062500 2.4975585938 2.5371093750 2.4892578125 2.4975585938 2.4978027344 1.3210227273 1.2942708333 1.3131250000 1.3210227273 1.3184073724
1.8183593750 2.5002441406 2.5400390625 2.4916992188 2.5002441406 2.5006103516 1.3224431818 1.2955729167 1.3146875000 1.3224431818 1.3197660681
1.8203125000 2.5029296875 2.5429687500 2.4941406250 2.5029296875 2.5034179688 1.3238636364 1.2968750000 1.3162500000 1.3238636364 1.3211247637
1.8222656250 2.5056152344 2.5458984375 2.4965820312 2.5056152344 2.5062255859 1.3252840909 1.2981770833 1.3178125000 1.3252840909 1.3224834594
1.8242187500 2.5083007812 2.5488281250 2.4990234375 2.5083007812 2.5090332031 1.3267045455 1.2994791667 1.3193750000 1.3267045455 1.3238421550
1.8261718750 2.5109863281 2.5517578125 2.5014648438 2.5109863281 2.5118408203 1.3281250000 1.3007812500 1.3209375000 1.3281250000 1.3252008507
1.8281250000 2.5136718750 2.5546875000 2.5039062500 2.5136718750 2.5146484375 1.3295454545 1.3020833333 1.3225000000 1.3295454545 1.3265595463
1.8300781250 2.5163574219 2.5576171875 2.5063476562 2.5163574219 2.5174560547 1.3309659091 1.3033854167 1.3240625000 1.3309659091 1.3279182420
1.8320312500 2.5190429688 2.5605468750 2.5087890625 2.5190429688 2.5202636719 1.3323863636 1.3046875000 1.3256250000 1.3323863636 1.3292769376
1.8339843750 2.5217285156 2.5634765625 2.5112304688 2.5217285156 2.5230712891 1.3338068182 1.3059895833 1.3271875000 1.3338068182 1.3306356333
1.8359375000 2.5244140625 2.5664062500 2.5136718750 2.5244140625 2.5258789062 1.3352272727 1.3072916667 1.3287500000 1.3352272727 1.3319943289
1.8378906250 2.5270996094 2.5693359375 2.5161132812 2.5270996094 2.5286865234 1.3366477273 1.3085937500 1.3303125000 1.3366477273 1.3333530246
1.8398437500 2.5297851562 2.5722656250 2.5185546875 2.5297851562 2.5314941406 1.3380681818 1.3098958333 1.3318750000 1.3380681818 1.3347117202
1.8417968750 2.5324707031 2.5751953125 2.5209960938 2.5324707031 2.5343017578 1.3394886364 1.3111979167 1.3334375000 1.3394886364 1.3360704159
1.8437500000 2.5351562500 2.5781250000 2.5234375000 2.5351562500 2.5371093750 1.3409090909 1.3125000000 1.3350000000 1.3409090909 1.3374291115
1.8457031250 2.5378417969 2.5810546875 2.5258789062 2.5378417969 2.5399169922 1.3423295455 1.3138020833 1.3365625000 1.3423295455 1.3387878072
1.8476562500 2.5405273438 2.5839843750 2.5283203125 2.5405273438 2.5427246094 1.3437500000 1.3151041667 1.3381250000 1.3437500000 1.3401465028
1.8496093750 2.5432128906 2.5869140625 2.5307617188 2.5432128906 2.5455322266 1.3451704545 1.3164062500 1.3396875000 1.3451704545 1.3415051985
1.8515625000 2.5458984375 2.5898437500 2.5332031250 2.5458984375 2.5483398438 1.3465909091 1.3177083333 1.3412500000 1.3465909091 1.3428638941
1.8535156250 2.5485839844 2.5927734375 2.5356445312 2.5485839844 2.5511474609 1.3480113636 1.3190104167 1.3428125000 1.3480113636 1.3442225898
1.8554687500 2.5512695312 2.5957031250 2.5380859375 2.5512695312 2.5539550781 1.3494318182 1.3203125000 1.3443750000 1.3494318182 1.3455812854
1.8574218750 2.5539550781 2.5986328125 2.5405273438 2.5539550781 2.5567626953 1.3508522727 1.3216145833 1.3459375000 1.3508522727 1.3469399811
1.8593750000 2.5566406250 2.6015625000 2.5429687500 2.5566406250 2.5595703125 1.3522727273 1.3229166667 1.3475000000 1.3522727273 1.3482986767
1.8613281250 2.5593261719 2.6044921875 2.5454101562 2.5593261719 2.5623779297 1.3536931818 1.3242187500 1.3490625000 1.3536931818 1.3496573724
1.8632812500 2.5620117188 2.6074218750 2.5478515625 2.5620117188 2.5651855469 1.3551136364 1.3255208333 1.3506250000 1.3551136364 1.3510160681
1.8652343750 2.5646972656 2.6103515625 2.5502929688 2.5646972656 2.5679931641 1.3565340909 1.3268229167 1.3521875000 1.3565340909 1.3523747637
1.8671875000 2.5673828125 2.6132812500 2.5527343750 2.5673828125 2.5708007812 1.3579545455 1.3281250000 1.3537500000 1.3579545455 1.3537334594
1.8691406250 2.5700683594 2.6162109375 2.5551757812 2.5700683594 2.5736083984 1.3593750000 1.3294270833 1.3553125000 1.3593750000 1.3550921550
1.8710937500 2.5727539062 2.6191406250 2.5576171875 2.5727539062 2.5764160156 1.3607954545 1.3307291667 1.3568750000 1.3607954545 1.3564508507
1.8730468750 2.5754394531 2.6220703125 2.5600585938 2.5754394531 2.5792236328 1.3622159091 1.3320312500 1.3584375000 1.3622159091 1.3578095463
1.8750000000 2.5781250000 2.6250000000 2.5625000000 2.5781250000 2.5742187500 1.3636363636 1.3333333333 1.3600000000 1.3636363636 1.3629489603
1.8769531250 2.5808105469 2.6279296875 2.5649414062 2.5808105469 2.5770263672 1.3650568182 1.3346354167 1.3615625000 1.3650568182 1.3643076560
1.8789062500 2.5834960938 2.6308593750 2.5673828125 2.5834960938 2.5798339844 1.3664772727 1.3359375000 1.3631250000 1.3664772727 1.3656663516
1.8808593750 2.5861816406 2.6337890625 2.5698242188 2.5861816406 2.5826416016 1.3678977273 1.3372395833 1.3646875000 1.3678977273 1.3670250473
1.8828125000 2.5888671875 2.6367187500 2.5722656250 2.5888671875 2.5854492188 1.3693181818 1.3385416667 1.3662500000 1.3693181818 1.3683837429
1.8847656250 2.5915527344 2.6396484375 2.5747070312 2.5915527344 2.5882568359 1.3707386364 1.3398437500 1.3678125000 1.3707386364 1.3697424386
1.8867187500 2.5942382812 2.6425781250 2.5771484375 2.5942382812 2.5910644531 1.3721590909 1.3411458333 1.3693750000 1.3721590909 1.3711011342
1.8886718750 2.5969238281 2.6455078125 2.5795898438 2.5969238281 2.5938720703 1.3735795455 1.3424479167 1.3709375000 1.3735795455 1.3724598299
1.8906250000 2.5996093750 2.6484375000 2.5820312500 2.5996093750 2.5966796875 1.3750000000 1.3437500000 1.3725000000 1.3750000000 1.3738185255
1.8925781250 2.6022949219 2.6513671875 2.5844726562 2.6022949219 2.5994873047 1.3764204545 1.3450520833 1.3740625000 1.3764204545 1.3751772212
1.8945312500 2.6049804688 2.6542968750 2.5869140625 2.6049804688 2.6022949219 1.3778409091 1.3463541667 1.3756250000 1.3778409091 1.3765359168
1.8964843750 2.6076660156 2.6572265625 2.5893554688 2.6076660156 2.6051025391 1.3792613636 1.3476562500 1.3771875000 1.3792613636 1.3778946125
1.8984375000 2.6103515625 2.6601562500 2.5917968750 2.6103515625 2.6079101562 1.3806818182 1.3489583333 1.3787500000 1.3806818182 1.3792533081
1.9003906250 2.6130371094 2.6630859375 2.5942382812 2.6130371094 2.6107177734 1.3821022727 1.3502604167 1.3803125000 1.3821022727 1.3806120038
1.9023437500 2.6157226562 2.6660156250 2.5966796875 2.6157226562 2.6135253906 1.3835227273 1.3515625000 1.3818750000 1.3835227273 1.3819706994
1.9042968750 2.6184082031 2.6689453125 2.5991210938 2.6184082031 2.6163330078 1.3849431818 1.3528645833 1.3834375000 1.3849431818 1.3833293951
1.9062500000 2.6210937500 2.6718750000 2.6015625000 2.6210937500 2.6191406250 1.3863636364 1.3541666667 1.3850000000 1.3863636364 1.3846880907
1.9082031250 2.6237792969 2.6748046875 2.6040039062 2.6237792969 2.6219482422 1.3877840909 1.3554687500 1.3865625000 1.3877840909 1.3860467864
1.9101562500 2.6264648438 2.6777343750 2.6064453125 2.6264648438 2.6247558594 1.3892045455 1.3567708333 1.3881250000 1.3892045455 1.3874054820
1.9121093750 2.6291503906 2.6806640625 2.6088867188 2.6291503906 2.6275634766 1.3906250000 1.3580729167 1.3896875000 1.3906250000 1.3887641777
1.9140625000 2.6318359375 2.6835937500 2.6113281250 2.6318359375 2.6303710938 1.3920454545 1.3593750000 1.3912500000 1.3920454545 1.3901228733
1.9160156250 2.6345214844 2.6865234375 2.6137695312 2.6345214844 2.6331787109 1.3934659091 1.3606770833 1.3928125000 1.3934659091 1.3914815690
1.9179687500 2.6372070312 2.6894531250 2.6162109375 2.6372070312 2.6359863281 1.3948863636 1.3619791667 1.3943750000 1.3948863636 1.3928402647
1.9199218750 2.6398925781 2.6923828125 2.6186523438 2.6398925781 2.6387939453 1.3963068182 1.3632812500 1.3959375000 1.3963068182 1.3941989603
1.9218750000 2.6425781250 2.6953125000 2.6210937500 2.6425781250 2.6416015625 1.3977272727 1.3645833333 1.3975000000 1.3977272727 1.3955576560
1.9238281250 2.6452636719 2.6982421875 2.6235351562 2.6452636719 2.6444091797 1.3991477273 1.3658854167 1.3990625000 1.3991477273 1.3969163516
1.9257812500 2.6479492188 2.7011718750 2.6259765625 2.6479492188 2.6472167969 1.4005681818 1.3671875000 1.4006250000 1.4005681818 1.3982750473
1.9277343750 2.6506347656 2.7041015625 2.6284179688 2.6506347656 2.6500244141 1.4019886364 1.3684895833 1.4021875000 1.4019886364 1.3996337429
1.9296875000 2.6533203125 2.7070312500 2.6308593750 2.6533203125 2.6528320312 1.4034090909 1.3697916667 1.4037500000 1.4034090909 1.4009924386
1.9316406250 2.6560058594 2.7099609375 2.6333007812 2.6560058594 2.6556396484 1.4048295455 1.3710937500 1.4053125000 1.4048295455 1.4023511342
1.9335937500 2.6586914062 2.7128906250 2.6357421875 2.6586914062 2.6584472656 1.4062500000 1.3723958333 1.4068750000 1.4062500000 1.4037098299
1.9355468750 2.6613769531 2.7158203125 2.6381835938 2.6613769531 2.6612548828 1.4076704545 1.3736979167 1.4084375000 1.4076704545 1.4050685255
1.9375000000 2.6640625000 2.7187500000 2.6406250000 2.6640625000 2.6640625000 1.4090909091 1.3750000000 1.4100000000 1.4090909091 1.4064272212
1.9394531250 2.6667480469 2.7216796875 2.6430664062 2.6667480469 2.6668701172 1.4105113636 1.3763020833 1.4115625000 1.4105113636 1.4077859168
1.9414062500 2.6694335938 2.7246093750 2.6455078125 2.6694335938 2.6696777344 1.4119318182 1.3776041667 1.4131250000 1.4119318182 1.4091446125
1.9433593750 2.6721191406 2.7275390625 2.6479492188 2.6721191406 2.6724853516 1.4133522727 1.3789062500 1.4146875000 1.4133522727 1.4105033081
1.9453125000 2.6748046875 2.7304687500 2.6503906250 2.6748046875 2.6752929688 1.4147727273 1.3802083333 1.4162500000 1.4147727273 1.4118620038
1.9472656250 2.6774902344 2.7333984375 2.6528320312 2.6774902344 2.6781005859 1.4161931818 1.3815104167 1.4178125000 1.4161931818 1.4132206994
1.9492187500 2.6801757812 2.7363281250 2.6552734375 2.6801757812 2.6809082031 1.4176136364 1.3828125000 1.4193750000 1.4176136364 1.4145793951
1.9511718750 2.6828613281 2.7392578125 2.6577148438 2.6828613281 2.6837158203 1.4190340909 1.3841145833 1.4209375000 1.4190340909 1.4159380907
1.9531250000 2.6855468750 2.7421875000 2.6601562500 2.6855468750 2.6865234375 1.4204545455 1.3854166667 1.4225000000 1.4204545455 1.4172967864
1.9550781250 2.6882324219 2.7451171875 2.6625976562 2.6882324219 2.6893310547 1.4218750000 1.3867187500 1.4240625000 1.4218750000 1.4186554820
1.9570312500 2.6909179688 2.7480468750 2.6650390625 2.6909179688 2.6921386719 1.4232954545 1.3880208333 1.4256250000 1.4232954545 1.4200141777
1.9589843750 2.6936035156 2.7509765625 2.6674804688 2.6936035156 2.6949462891 1.4247159091 1.3893229167 1.4271875000 1.4247159091 1.4213728733
1.9609375000 2.6962890625 2.7539062500 2.6699218750 2.6962890625 2.6977539062 1.4261363636 1.3906250000 1.4287500000 1.4261363636 1.4227315690
1.9628906250 2.6989746094 2.7568359375 2.6723632812 2.6989746094 2.7005615234 1.4275568182 1.3919270833 1.4303125000 1.4275568182 1.4240902647
1.9648437500 2.7016601562 2.7597656250 2.6748046875 2.7016601562 2.7033691406 1.4289772727 1.3932291667 1.4318750000 1.4289772727 1.4254489603
1.9667968750 2.7043457031 2.7626953125 2.6772460938 2.7043457031 2.7061767578 1.4303977273 1.3945312500 1.4334375000 1.4303977273 1.4268076560
1.9687500000 2.7070312500 2.7656250000 2.6796875000 2.7070312500 2.7089843750 1.4318181818 1.3958333333 1.4350000000 1.4318181818 1.4281663516
1.9707031250 2.7097167969 2.7685546875 2.6821289062 2.7097167969 2.7117919922 1.4332386364 1.3971354167 1.4365625000 1.4332386364 1.4295250473
1.9726562500 2.7124023438 2.7714843750 2.6845703125 2.7124023438 2.7145996094 1.4346590909 1.3984375000 1.4381250000 1.4346590909 1.4308837429
1.9746093750 2.7150878906 2.7744140625 2.6870117188 2.7150878906 2.7174072266 1.4360795455 1.3997395833 1.4396875000 1.4360795455 1.4322424386
1.9765625000 2.7177734375 2.7773437500 2.6894531250 2.7177734375 2.7202148438 1.4375000000 1.4010416667 1.4412500000 1.4375000000 1.4336011342
1.9785156250 2.7204589844 2.7802734375 2.6918945312 2.7204589844 2.7230224609 1.4389204545 1.4023437500 1.4428125000 1.4389204545 1.4349598299
1.9804687500 2.7231445312 2.7832031250 2.6943359375 2.7231445312 2.7258300781 1.4403409091 1.4036458333 1.4443750000 1.4403409091 1.4363185255
1.9824218750 2.7258300781 2.7861328125 2.6967773438 2.7258300781 2.7286376953 1.4417613636 1.4049479167 1.4459375000 1.4417613636 1.4376772212
1.9843750000 2.7285156250 2.7890625000 2.6992187500 2.7285156250 2.7314453125 1.4431818182 1.4062500000 1.4475000000 1.4431818182 1.4390359168
1.9863281250 2.7312011719 2.7919921875 2.7016601562 2.7312011719 2.7342529297 1.4446022727 1.4075520833 1.4490625000 1.4446022727 1.4403946125
1.9882812500 2.7338867188 2.7949218750 2.7041015625 2.7338867188 2.7370605469 1.4460227273 1.4088541667 1.4506250000 1.4460227273 1.4417533081
1.9902343750 2.7365722656 2.7978515625 2.7065429688 2.7365722656 2.7398681641 1.4474431818 1.4101562500 1.4521875000 1.4474431818 1.4431120038
1.9921875000 2.7392578125 2.8007812500 2.7089843750 2.7392578125 2.7426757812 1.4488636364 1.4114583333 1.4537500000 1.4488636364 1.4444706994
1.9941406250 2.7419433594 2.8037109375 2.7114257812 2.7419433594 2.7454833984 1.4502840909 1.4127604167 1.4553125000 1.4502840909 1.4458293951
1.9960937500 2.7446289062 2.8066406250 2.7138671875 2.7446289062 2.7482910156 1.4517045455 1.4140625000 1.4568750000 1.4517045455 1.4471880907
1.9980468750 2.7473144531 2.8095703125 2.7163085938 2.7473144531 2.7510986328 1.4531250000 1.4153645833 1.4584375000 1.4531250000 1.4485467864
